generation    1.00000e+00
         sol00z       sol00en             R            tt      nemirrms       mgorank  mgoviolations 
   3.53864e-01  4.31491e-01  7.03727e-03  8.25585e-01  3.93901e-06  7.00000e+00  0.00000e+00 
   4.12171e-01  4.77346e-01  6.17967e-04  1.35109e+00  1.64996e-05  2.30000e+01  1.00000e+00 
   3.79012e-01  5.61948e-01  4.92270e-03  1.60692e+00  2.53203e-06  2.00000e+00  0.00000e+00 
   3.15476e-01  1.75645e-01  6.04624e-03  1.37365e+00  2.93767e-06  5.00000e+00  0.00000e+00 
   3.24470e-01  3.35014e-01  1.09737e-02  1.47906e+00  2.74177e-05  3.50000e+01  1.00000e+00 
   3.87673e-01  2.46648e-01  1.99820e-03  1.32322e+00  6.11551e-06  1.20000e+01  0.00000e+00 
   3.26432e-01  2.44037e-01  9.61402e-03  1.32412e+00  2.15928e-05  2.90000e+01  1.00000e+00 
   4.49999e-01  2.22597e-01  1.07015e-02  2.43334e-01  1.68299e-05  2.40000e+01  1.00000e+00 
   4.03179e-01  1.99584e-01  5.39323e-03  1.58653e+00  2.65633e-06  3.00000e+00  0.00000e+00 
   4.36747e-01  2.18531e-01  4.15563e-03  1.38745e+00  3.18755e-06  6.00000e+00  0.00000e+00 
   3.40000e-01  4.23856e-01  4.62744e-03  1.37324e+00  1.68831e-06  0.00000e+00  0.00000e+00 
   4.49670e-01  1.32435e-01  1.04724e-02  1.48745e-01  1.76129e-05  2.50000e+01  1.00000e+00 
   3.00624e-01  6.53841e-01  7.20793e-03  3.41063e-01  1.44379e-05  2.10000e+01  0.00000e+00 
   3.59765e-01  5.88860e-01  8.27378e-03  1.64153e+00  1.10803e-05  1.70000e+01  0.00000e+00 
   4.49839e-01  2.30954e-01  6.25260e-03  1.51362e+00  2.89321e-06  4.00000e+00  0.00000e+00 
   3.85998e-01  5.53349e-01  8.12878e-04  3.00897e-01  2.94888e-04  3.90000e+01  1.00000e+00 
   3.14022e-01  1.80941e-01  6.33848e-03  1.59253e-01  5.72534e-06  1.00000e+01  0.00000e+00 
   4.47713e-01  6.61002e-01  8.27645e-03  7.02075e-01  1.23866e-05  1.80000e+01  0.00000e+00 
   3.11179e-01  6.70062e-01  8.19845e-04  9.48383e-01  3.11110e-05  3.70000e+01  1.00000e+00 
   3.22149e-01  6.28637e-01  7.76475e-03  7.88877e-01  1.49673e-05  2.20000e+01  0.00000e+00 
   3.41666e-01  4.32382e-01  5.83329e-03  1.13939e+00  2.25257e-06  1.00000e+00  0.00000e+00 
   3.02445e-01  2.45732e-01  1.81933e-03  1.45143e+00  6.03925e-06  1.10000e+01  0.00000e+00 
   4.12466e-01  3.21198e-01  3.67109e-03  4.33426e-01  5.45616e-06  9.00000e+00  0.00000e+00 
   3.72374e-01  2.29495e-01  1.14130e-02  1.65783e+00  2.71414e-05  3.40000e+01  1.00000e+00 
   3.92939e-01  2.68636e-01  9.47482e-03  5.67275e-01  1.32815e-05  2.00000e+01  0.00000e+00 
   3.67055e-01  2.35664e-01  2.41289e-03  5.11698e-01  7.50371e-06  1.50000e+01  0.00000e+00 
   3.42497e-01  3.11475e-01  9.73115e-03  1.65587e+00  2.26739e-05  3.00000e+01  1.00000e+00 
   4.26028e-01  3.36630e-01  9.44057e-03  1.44122e+00  1.85677e-05  2.60000e+01  1.00000e+00 
   3.95357e-01  5.30378e-01  1.87091e-03  1.10040e+00  6.53305e-06  1.30000e+01  0.00000e+00 
   3.91896e-01  2.77619e-01  7.72312e-03  9.53231e-01  5.12571e-06  8.00000e+00  0.00000e+00 
   3.52554e-01  5.12002e-01  1.14863e-02  1.06778e+00  2.54868e-05  3.10000e+01  1.00000e+00 
   3.35742e-01  6.82380e-01  1.08461e-02  1.53464e+00  2.00549e-05  2.80000e+01  1.00000e+00 
   3.54718e-01  4.08041e-01  1.14363e-02  1.65083e+00  2.60962e-05  3.20000e+01  1.00000e+00 
   3.65646e-01  6.59101e-01  1.11836e-02  1.30330e+00  2.00429e-05  2.70000e+01  1.00000e+00 
   3.42644e-01  5.43121e-01  7.75175e-03  6.50207e-01  8.07893e-06  1.60000e+01  0.00000e+00 
   3.28832e-01  4.97936e-01  1.07047e-02  6.41029e-01  2.85291e-05  3.60000e+01  1.00000e+00 
   3.10463e-01  6.69596e-01  6.40675e-03  1.73179e-01  2.61511e-05  3.30000e+01  1.00000e+00 
   3.76880e-01  5.00634e-01  6.47296e-03  8.99190e-02  1.24561e-05  1.90000e+01  0.00000e+00 
   3.23502e-01  3.40567e-01  1.73153e-03  2.13680e-01  6.28456e-05  3.80000e+01  1.00000e+00 
   3.09626e-01  1.12014e-01  5.60088e-03  1.32311e-01  6.88408e-06  1.40000e+01  0.00000e+00 
                                                                                      
generation    2.00000e+00
         sol00z       sol00en             R            tt      nemirrms       mgorank  mgoviolations 
   3.73859e-01  4.96663e-01  4.64984e-03  1.00943e+00  1.83320e-06  1.00000e+00  0.00000e+00 
   3.87649e-01  1.79801e-01  1.15607e-03  1.55319e+00  8.59560e-06  3.80000e+01  0.00000e+00 
   4.27500e-01  4.29544e-01  4.78883e-03  9.64740e-01  2.43324e-06  3.00000e+00  0.00000e+00 
   4.02889e-01  5.83266e-01  5.98624e-03  9.17127e-01  4.57131e-06  1.80000e+01  0.00000e+00 
   4.03813e-01  1.18102e-01  7.18956e-03  1.41844e-01  6.19315e-06  2.60000e+01  0.00000e+00 
   4.00032e-01  3.98355e-01  2.13482e-03  1.49742e+00  4.41178e-06  1.70000e+01  0.00000e+00 
   3.66611e-01  5.53570e-01  7.55345e-03  1.02089e+00  8.57385e-06  3.70000e+01  0.00000e+00 
   3.04080e-01  5.93118e-01  6.01784e-03  5.94725e-01  6.52815e-06  2.70000e+01  0.00000e+00 
   3.26071e-01  1.09807e-01  2.84109e-03  5.34828e-01  6.65834e-06  3.00000e+01  0.00000e+00 
   3.45644e-01  6.95337e-01  7.00826e-03  1.58215e+00  6.70789e-06  3.20000e+01  0.00000e+00 
   3.10486e-01  2.22793e-01  5.64476e-03  1.47903e+00  2.66812e-06  6.00000e+00  0.00000e+00 
   3.80411e-01  1.56087e-01  4.11098e-03  6.91315e-01  4.91851e-06  1.90000e+01  0.00000e+00 
   4.03108e-01  1.59784e-01  6.46353e-03  1.36798e+00  3.21405e-06  1.00000e+01  0.00000e+00 
   3.42006e-01  4.27664e-01  8.68737e-03  2.21639e-01  6.11639e-06  2.50000e+01  0.00000e+00 
   3.72564e-01  3.12637e-01  7.33804e-03  9.61471e-02  6.62838e-06  2.90000e+01  0.00000e+00 
   4.24380e-01  2.98202e-01  2.90182e-03  1.61020e+00  3.52018e-06  1.20000e+01  0.00000e+00 
   3.83467e-01  3.49901e-01  2.20136e-03  1.63411e+00  4.22001e-06  1.50000e+01  0.00000e+00 
   3.98485e-01  6.80443e-01  7.74561e-03  1.37233e+00  8.95262e-06  3.90000e+01  0.00000e+00 
   3.94422e-01  2.37482e-01  8.46732e-03  5.84024e-01  7.74075e-06  3.50000e+01  0.00000e+00 
   3.18821e-01  5.76082e-01  2.13640e-03  1.34623e+00  3.29585e-06  1.10000e+01  0.00000e+00 
   4.33342e-01  1.46197e-01  7.86654e-03  4.61519e-01  6.67505e-06  3.10000e+01  0.00000e+00 
   3.98596e-01  6.15206e-01  5.38681e-03  1.66467e+00  3.64304e-06  1.30000e+01  0.00000e+00 
   3.74037e-01  6.83665e-01  3.65170e-03  1.39302e+00  4.34311e-06  1.60000e+01  0.00000e+00 
   3.53864e-01  4.31491e-01  7.03727e-03  8.25585e-01  3.93901e-06  1.40000e+01  0.00000e+00 
   3.79012e-01  5.61948e-01  4.92270e-03  1.60692e+00  2.53203e-06  4.00000e+00  0.00000e+00 
   3.15476e-01  1.75645e-01  6.04624e-03  1.37365e+00  2.93767e-06  8.00000e+00  0.00000e+00 
   3.87673e-01  2.46648e-01  1.99820e-03  1.32322e+00  6.11551e-06  2.40000e+01  0.00000e+00 
   4.03179e-01  1.99584e-01  5.39323e-03  1.58653e+00  2.65633e-06  5.00000e+00  0.00000e+00 
   4.36747e-01  2.18531e-01  4.15563e-03  1.38745e+00  3.18755e-06  9.00000e+00  0.00000e+00 
   3.40000e-01  4.23856e-01  4.62744e-03  1.37324e+00  1.68831e-06  0.00000e+00  0.00000e+00 
   4.49839e-01  2.30954e-01  6.25260e-03  1.51362e+00  2.89321e-06  7.00000e+00  0.00000e+00 
   3.14022e-01  1.80941e-01  6.33848e-03  1.59253e-01  5.72534e-06  2.20000e+01  0.00000e+00 
   3.41666e-01  4.32382e-01  5.83329e-03  1.13939e+00  2.25257e-06  2.00000e+00  0.00000e+00 
   3.02445e-01  2.45732e-01  1.81933e-03  1.45143e+00  6.03925e-06  2.30000e+01  0.00000e+00 
   4.12466e-01  3.21198e-01  3.67109e-03  4.33426e-01  5.45616e-06  2.10000e+01  0.00000e+00 
   3.67055e-01  2.35664e-01  2.41289e-03  5.11698e-01  7.50371e-06  3.40000e+01  0.00000e+00 
   3.95357e-01  5.30378e-01  1.87091e-03  1.10040e+00  6.53305e-06  2.80000e+01  0.00000e+00 
   3.91896e-01  2.77619e-01  7.72312e-03  9.53231e-01  5.12571e-06  2.00000e+01  0.00000e+00 
   3.42644e-01  5.43121e-01  7.75175e-03  6.50207e-01  8.07893e-06  3.60000e+01  0.00000e+00 
   3.09626e-01  1.12014e-01  5.60088e-03  1.32311e-01  6.88408e-06  3.30000e+01  0.00000e+00 
                                                                                      
generation    3.00000e+00
         sol00z       sol00en             R            tt      nemirrms       mgorank  mgoviolations 
   3.01445e-01  2.40617e-01  6.04624e-03  1.37365e+00  2.75283e-06  1.00000e+01  0.00000e+00 
   4.28708e-01  5.02271e-01  4.67730e-03  1.49653e+00  1.89054e-06  2.00000e+00  0.00000e+00 
   3.66611e-01  3.41154e-01  6.94033e-03  7.54185e-01  3.45174e-06  2.00000e+01  0.00000e+00 
   3.37346e-01  4.42746e-01  3.97190e-03  1.23161e+00  1.91000e-06  3.00000e+00  0.00000e+00 
   3.28573e-01  4.77186e-01  2.68761e-03  1.18507e+00  2.16291e-06  4.00000e+00  0.00000e+00 
   4.06405e-01  1.46018e-01  3.97074e-03  9.02864e-01  4.47202e-06  3.30000e+01  0.00000e+00 
   3.59949e-01  2.72215e-01  6.55632e-03  9.08243e-01  3.46609e-06  2.10000e+01  0.00000e+00 
   3.36635e-01  4.54850e-01  6.71062e-03  1.71777e+00  4.64139e-06  3.70000e+01  0.00000e+00 
   4.20437e-01  5.37579e-01  2.28445e-03  1.43111e+00  3.52782e-06  2.30000e+01  0.00000e+00 
   3.25936e-01  5.61948e-01  1.14635e-03  1.70859e+00  4.41778e-06  3.20000e+01  0.00000e+00 
   3.66211e-01  4.23416e-01  4.34014e-03  8.92247e-01  2.81475e-06  1.10000e+01  0.00000e+00 
   3.29270e-01  4.50137e-01  4.57586e-03  5.61514e-01  3.17407e-06  1.40000e+01  0.00000e+00 
   3.19480e-01  4.47440e-01  7.07735e-03  1.02278e+00  4.15902e-06  2.70000e+01  0.00000e+00 
   3.56765e-01  3.60134e-01  1.65865e-03  1.79044e+00  4.90322e-06  3.90000e+01  0.00000e+00 
   3.58877e-01  4.30205e-01  6.42302e-03  5.11698e-01  3.19442e-06  1.60000e+01  0.00000e+00 
   3.62144e-01  1.93001e-01  4.97179e-03  6.27843e-01  4.54178e-06  3.50000e+01  0.00000e+00 
   3.10507e-01  3.06723e-01  5.24278e-03  9.59536e-01  3.31626e-06  1.90000e+01  0.00000e+00 
   3.80790e-01  3.98817e-01  5.09769e-03  4.53885e-01  4.17751e-06  2.80000e+01  0.00000e+00 
   3.33548e-01  4.90679e-01  6.22609e-03  1.74921e+00  4.02909e-06  2.60000e+01  0.00000e+00 
   4.04508e-01  2.74763e-01  7.14741e-03  6.50207e-01  4.52239e-06  3.40000e+01  0.00000e+00 
   3.71111e-01  1.49394e-01  6.33848e-03  5.67658e-01  4.85113e-06  3.80000e+01  0.00000e+00 
   3.73859e-01  4.96663e-01  4.64984e-03  1.00943e+00  1.83320e-06  1.00000e+00  0.00000e+00 
   4.27500e-01  4.29544e-01  4.78883e-03  9.64740e-01  2.43324e-06  6.00000e+00  0.00000e+00 
   4.02889e-01  5.83266e-01  5.98624e-03  9.17127e-01  4.57131e-06  3.60000e+01  0.00000e+00 
   4.00032e-01  3.98355e-01  2.13482e-03  1.49742e+00  4.41178e-06  3.10000e+01  0.00000e+00 
   3.10486e-01  2.22793e-01  5.64476e-03  1.47903e+00  2.66812e-06  9.00000e+00  0.00000e+00 
   4.03108e-01  1.59784e-01  6.46353e-03  1.36798e+00  3.21405e-06  1.70000e+01  0.00000e+00 
   4.24380e-01  2.98202e-01  2.90182e-03  1.61020e+00  3.52018e-06  2.20000e+01  0.00000e+00 
   3.83467e-01  3.49901e-01  2.20136e-03  1.63411e+00  4.22001e-06  2.90000e+01  0.00000e+00 
   3.18821e-01  5.76082e-01  2.13640e-03  1.34623e+00  3.29585e-06  1.80000e+01  0.00000e+00 
   3.98596e-01  6.15206e-01  5.38681e-03  1.66467e+00  3.64304e-06  2.40000e+01  0.00000e+00 
   3.74037e-01  6.83665e-01  3.65170e-03  1.39302e+00  4.34311e-06  3.00000e+01  0.00000e+00 
   3.53864e-01  4.31491e-01  7.03727e-03  8.25585e-01  3.93901e-06  2.50000e+01  0.00000e+00 
   3.79012e-01  5.61948e-01  4.92270e-03  1.60692e+00  2.53203e-06  7.00000e+00  0.00000e+00 
   3.15476e-01  1.75645e-01  6.04624e-03  1.37365e+00  2.93767e-06  1.30000e+01  0.00000e+00 
   4.03179e-01  1.99584e-01  5.39323e-03  1.58653e+00  2.65633e-06  8.00000e+00  0.00000e+00 
   4.36747e-01  2.18531e-01  4.15563e-03  1.38745e+00  3.18755e-06  1.50000e+01  0.00000e+00 
   3.40000e-01  4.23856e-01  4.62744e-03  1.37324e+00  1.68831e-06  0.00000e+00  0.00000e+00 
   4.49839e-01  2.30954e-01  6.25260e-03  1.51362e+00  2.89321e-06  1.20000e+01  0.00000e+00 
   3.41666e-01  4.32382e-01  5.83329e-03  1.13939e+00  2.25257e-06  5.00000e+00  0.00000e+00 
                                                                                      
generation    4.00000e+00
         sol00z       sol00en             R            tt      nemirrms       mgorank  mgoviolations 
   4.09940e-01  4.90499e-01  3.00778e-03  1.25120e+00  1.53561e-06  0.00000e+00  0.00000e+00 
   4.40931e-01  3.98659e-01  3.68042e-03  1.38987e+00  2.71944e-06  1.90000e+01  0.00000e+00 
   4.20623e-01  2.07482e-01  4.23153e-03  1.61980e+00  2.78917e-06  2.20000e+01  0.00000e+00 
   4.40221e-01  4.88715e-01  3.29399e-03  9.78942e-01  1.92958e-06  7.00000e+00  0.00000e+00 
   4.25907e-01  4.40878e-01  4.39551e-03  8.79762e-01  2.58701e-06  1.60000e+01  0.00000e+00 
   3.66978e-01  4.54412e-01  6.36314e-03  1.13719e+00  2.97556e-06  2.90000e+01  0.00000e+00 
   3.76440e-01  2.62436e-01  6.76732e-03  1.04972e+00  3.45885e-06  3.80000e+01  0.00000e+00 
   3.24443e-01  4.00220e-01  4.70220e-03  1.61910e+00  1.65864e-06  2.00000e+00  0.00000e+00 
   4.33733e-01  3.49901e-01  3.95008e-03  1.67629e+00  2.42957e-06  1.30000e+01  0.00000e+00 
   3.12493e-01  4.63055e-01  3.29886e-03  1.46257e+00  1.57887e-06  1.00000e+00  0.00000e+00 
   4.12765e-01  4.70620e-01  3.74777e-03  8.01750e-01  2.14892e-06  9.00000e+00  0.00000e+00 
   3.52505e-01  3.31130e-01  3.49972e-03  1.43529e+00  3.12745e-06  3.00000e+01  0.00000e+00 
   4.02196e-01  4.02040e-01  4.07176e-03  1.11037e+00  2.86398e-06  2.50000e+01  0.00000e+00 
   4.07517e-01  3.53885e-01  6.36331e-03  1.21650e+00  2.80391e-06  2.30000e+01  0.00000e+00 
   3.69923e-01  3.83092e-01  5.60088e-03  1.37991e+00  2.04610e-06  8.00000e+00  0.00000e+00 
   3.84845e-01  2.68601e-01  6.20283e-03  1.66183e+00  2.76251e-06  2.10000e+01  0.00000e+00 
   4.42273e-01  1.46197e-01  5.67957e-03  1.46538e+00  2.91533e-06  2.70000e+01  0.00000e+00 
   3.67055e-01  5.70205e-01  2.77024e-03  1.64747e+00  2.42108e-06  1.20000e+01  0.00000e+00 
   3.01445e-01  2.40617e-01  6.04624e-03  1.37365e+00  2.75283e-06  2.00000e+01  0.00000e+00 
   4.28708e-01  5.02271e-01  4.67730e-03  1.49653e+00  1.89054e-06  5.00000e+00  0.00000e+00 
   3.66611e-01  3.41154e-01  6.94033e-03  7.54185e-01  3.45174e-06  3.70000e+01  0.00000e+00 
   3.37346e-01  4.42746e-01  3.97190e-03  1.23161e+00  1.91000e-06  6.00000e+00  0.00000e+00 
   3.28573e-01  4.77186e-01  2.68761e-03  1.18507e+00  2.16291e-06  1.00000e+01  0.00000e+00 
   3.59949e-01  2.72215e-01  6.55632e-03  9.08243e-01  3.46609e-06  3.90000e+01  0.00000e+00 
   3.66211e-01  4.23416e-01  4.34014e-03  8.92247e-01  2.81475e-06  2.40000e+01  0.00000e+00 
   3.29270e-01  4.50137e-01  4.57586e-03  5.61514e-01  3.17407e-06  3.10000e+01  0.00000e+00 
   3.58877e-01  4.30205e-01  6.42302e-03  5.11698e-01  3.19442e-06  3.30000e+01  0.00000e+00 
   3.10507e-01  3.06723e-01  5.24278e-03  9.59536e-01  3.31626e-06  3.60000e+01  0.00000e+00 
   3.73859e-01  4.96663e-01  4.64984e-03  1.00943e+00  1.83320e-06  4.00000e+00  0.00000e+00 
   4.27500e-01  4.29544e-01  4.78883e-03  9.64740e-01  2.43324e-06  1.40000e+01  0.00000e+00 
   3.10486e-01  2.22793e-01  5.64476e-03  1.47903e+00  2.66812e-06  1.80000e+01  0.00000e+00 
   4.03108e-01  1.59784e-01  6.46353e-03  1.36798e+00  3.21405e-06  3.40000e+01  0.00000e+00 
   3.18821e-01  5.76082e-01  2.13640e-03  1.34623e+00  3.29585e-06  3.50000e+01  0.00000e+00 
   3.79012e-01  5.61948e-01  4.92270e-03  1.60692e+00  2.53203e-06  1.50000e+01  0.00000e+00 
   3.15476e-01  1.75645e-01  6.04624e-03  1.37365e+00  2.93767e-06  2.80000e+01  0.00000e+00 
   4.03179e-01  1.99584e-01  5.39323e-03  1.58653e+00  2.65633e-06  1.70000e+01  0.00000e+00 
   4.36747e-01  2.18531e-01  4.15563e-03  1.38745e+00  3.18755e-06  3.20000e+01  0.00000e+00 
   3.40000e-01  4.23856e-01  4.62744e-03  1.37324e+00  1.68831e-06  3.00000e+00  0.00000e+00 
   4.49839e-01  2.30954e-01  6.25260e-03  1.51362e+00  2.89321e-06  2.60000e+01  0.00000e+00 
   3.41666e-01  4.32382e-01  5.83329e-03  1.13939e+00  2.25257e-06  1.10000e+01  0.00000e+00 
                                                                                      
generation    5.00000e+00
         sol00z       sol00en             R            tt      nemirrms       mgorank  mgoviolations 
   3.45485e-01  2.07482e-01  5.73741e-03  1.65199e+00  2.53621e-06  2.40000e+01  0.00000e+00 
   3.41211e-01  5.21599e-01  3.15681e-03  1.65064e+00  1.72724e-06  4.00000e+00  0.00000e+00 
   3.62733e-01  3.48656e-01  4.92270e-03  1.17382e+00  2.74054e-06  3.10000e+01  0.00000e+00 
   4.18812e-01  1.00799e-01  4.95452e-03  1.66078e+00  2.71414e-06  2.90000e+01  0.00000e+00 
   3.96699e-01  3.29594e-01  6.42302e-03  1.14682e+00  2.89197e-06  3.90000e+01  0.00000e+00 
   3.24471e-01  3.31496e-01  4.31483e-03  1.73088e+00  2.20276e-06  1.40000e+01  0.00000e+00 
   4.12759e-01  3.31130e-01  6.22587e-03  1.36367e+00  2.70283e-06  2.80000e+01  0.00000e+00 
   4.28708e-01  2.60467e-01  5.37285e-03  1.35127e+00  2.85561e-06  3.70000e+01  0.00000e+00 
   4.05619e-01  3.37833e-01  5.01424e-03  1.74518e+00  2.03177e-06  9.00000e+00  0.00000e+00 
   3.68660e-01  3.92956e-01  6.04624e-03  1.12830e+00  2.34129e-06  1.70000e+01  0.00000e+00 
   4.31591e-01  5.52432e-01  5.17307e-03  1.60352e+00  2.30178e-06  1.60000e+01  0.00000e+00 
   3.31252e-01  3.70420e-01  5.60989e-03  1.67982e+00  2.12785e-06  1.10000e+01  0.00000e+00 
   3.01445e-01  4.00471e-01  4.82876e-03  1.04675e+00  2.45839e-06  2.20000e+01  0.00000e+00 
   3.38763e-01  4.37484e-01  4.69957e-03  8.76530e-01  2.36722e-06  1.80000e+01  0.00000e+00 
   4.09940e-01  4.90499e-01  3.00778e-03  1.25120e+00  1.53561e-06  0.00000e+00  0.00000e+00 
   4.40931e-01  3.98659e-01  3.68042e-03  1.38987e+00  2.71944e-06  3.00000e+01  0.00000e+00 
   4.20623e-01  2.07482e-01  4.23153e-03  1.61980e+00  2.78917e-06  3.40000e+01  0.00000e+00 
   4.40221e-01  4.88715e-01  3.29399e-03  9.78942e-01  1.92958e-06  8.00000e+00  0.00000e+00 
   4.25907e-01  4.40878e-01  4.39551e-03  8.79762e-01  2.58701e-06  2.50000e+01  0.00000e+00 
   3.24443e-01  4.00220e-01  4.70220e-03  1.61910e+00  1.65864e-06  2.00000e+00  0.00000e+00 
   4.33733e-01  3.49901e-01  3.95008e-03  1.67629e+00  2.42957e-06  2.00000e+01  0.00000e+00 
   3.12493e-01  4.63055e-01  3.29886e-03  1.46257e+00  1.57887e-06  1.00000e+00  0.00000e+00 
   4.12765e-01  4.70620e-01  3.74777e-03  8.01750e-01  2.14892e-06  1.20000e+01  0.00000e+00 
   4.02196e-01  4.02040e-01  4.07176e-03  1.11037e+00  2.86398e-06  3.80000e+01  0.00000e+00 
   4.07517e-01  3.53885e-01  6.36331e-03  1.21650e+00  2.80391e-06  3.50000e+01  0.00000e+00 
   3.69923e-01  3.83092e-01  5.60088e-03  1.37991e+00  2.04610e-06  1.00000e+01  0.00000e+00 
   3.84845e-01  2.68601e-01  6.20283e-03  1.66183e+00  2.76251e-06  3.30000e+01  0.00000e+00 
   3.67055e-01  5.70205e-01  2.77024e-03  1.64747e+00  2.42108e-06  1.90000e+01  0.00000e+00 
   3.01445e-01  2.40617e-01  6.04624e-03  1.37365e+00  2.75283e-06  3.20000e+01  0.00000e+00 
   4.28708e-01  5.02271e-01  4.67730e-03  1.49653e+00  1.89054e-06  6.00000e+00  0.00000e+00 
   3.37346e-01  4.42746e-01  3.97190e-03  1.23161e+00  1.91000e-06  7.00000e+00  0.00000e+00 
   3.28573e-01  4.77186e-01  2.68761e-03  1.18507e+00  2.16291e-06  1.30000e+01  0.00000e+00 
   3.66211e-01  4.23416e-01  4.34014e-03  8.92247e-01  2.81475e-06  3.60000e+01  0.00000e+00 
   3.73859e-01  4.96663e-01  4.64984e-03  1.00943e+00  1.83320e-06  5.00000e+00  0.00000e+00 
   4.27500e-01  4.29544e-01  4.78883e-03  9.64740e-01  2.43324e-06  2.10000e+01  0.00000e+00 
   3.10486e-01  2.22793e-01  5.64476e-03  1.47903e+00  2.66812e-06  2.70000e+01  0.00000e+00 
   3.79012e-01  5.61948e-01  4.92270e-03  1.60692e+00  2.53203e-06  2.30000e+01  0.00000e+00 
   4.03179e-01  1.99584e-01  5.39323e-03  1.58653e+00  2.65633e-06  2.60000e+01  0.00000e+00 
   3.40000e-01  4.23856e-01  4.62744e-03  1.37324e+00  1.68831e-06  3.00000e+00  0.00000e+00 
   3.41666e-01  4.32382e-01  5.83329e-03  1.13939e+00  2.25257e-06  1.50000e+01  0.00000e+00 
                                                                                      
generation    6.00000e+00
         sol00z       sol00en             R            tt      nemirrms       mgorank  mgoviolations 
   3.87287e-01  2.47643e-01  5.88013e-03  1.69132e+00  2.50645e-06  3.80000e+01  0.00000e+00 
   3.56947e-01  4.48259e-01  3.58043e-03  1.74161e+00  1.37799e-06  0.00000e+00  0.00000e+00 
   3.67055e-01  5.01874e-01  3.69679e-03  1.76836e+00  1.46741e-06  1.00000e+00  0.00000e+00 
   4.10711e-01  5.09144e-01  3.18228e-03  1.46257e+00  1.96108e-06  1.60000e+01  0.00000e+00 
   3.71779e-01  4.55180e-01  5.20840e-03  1.05698e+00  1.68278e-06  6.00000e+00  0.00000e+00 
   4.01737e-01  4.97985e-01  5.19004e-03  9.60462e-01  2.15125e-06  2.30000e+01  0.00000e+00 
   4.25594e-01  5.63545e-01  3.34872e-03  1.69498e+00  2.40357e-06  3.10000e+01  0.00000e+00 
   3.99256e-01  4.53845e-01  4.98929e-03  9.11858e-01  1.92342e-06  1.40000e+01  0.00000e+00 
   3.07503e-01  5.10479e-01  3.99634e-03  9.12983e-01  1.67006e-06  5.00000e+00  0.00000e+00 
   3.54863e-01  2.94854e-01  3.88059e-03  1.76304e+00  2.49870e-06  3.70000e+01  0.00000e+00 
   4.19000e-01  4.49012e-01  5.22549e-03  1.19032e+00  1.68400e-06  7.00000e+00  0.00000e+00 
   3.70371e-01  5.26805e-01  3.68461e-03  1.21650e+00  2.33550e-06  2.80000e+01  0.00000e+00 
   3.35685e-01  2.37437e-01  4.59892e-03  1.76448e+00  2.43961e-06  3.50000e+01  0.00000e+00 
   3.45113e-01  4.39549e-01  3.85292e-03  1.26300e+00  1.99411e-06  1.80000e+01  0.00000e+00 
   4.23195e-01  4.50562e-01  3.74350e-03  1.35348e+00  1.82389e-06  1.00000e+01  0.00000e+00 
   3.91187e-01  4.44465e-01  5.73342e-03  1.06821e+00  1.97420e-06  1.70000e+01  0.00000e+00 
   3.41211e-01  5.21599e-01  3.15681e-03  1.65064e+00  1.72724e-06  9.00000e+00  0.00000e+00 
   3.24471e-01  3.31496e-01  4.31483e-03  1.73088e+00  2.20276e-06  2.50000e+01  0.00000e+00 
   4.05619e-01  3.37833e-01  5.01424e-03  1.74518e+00  2.03177e-06  1.90000e+01  0.00000e+00 
   3.68660e-01  3.92956e-01  6.04624e-03  1.12830e+00  2.34129e-06  2.90000e+01  0.00000e+00 
   4.31591e-01  5.52432e-01  5.17307e-03  1.60352e+00  2.30178e-06  2.70000e+01  0.00000e+00 
   3.31252e-01  3.70420e-01  5.60989e-03  1.67982e+00  2.12785e-06  2.10000e+01  0.00000e+00 
   3.01445e-01  4.00471e-01  4.82876e-03  1.04675e+00  2.45839e-06  3.60000e+01  0.00000e+00 
   3.38763e-01  4.37484e-01  4.69957e-03  8.76530e-01  2.36722e-06  3.00000e+01  0.00000e+00 
   4.09940e-01  4.90499e-01  3.00778e-03  1.25120e+00  1.53561e-06  2.00000e+00  0.00000e+00 
   4.40221e-01  4.88715e-01  3.29399e-03  9.78942e-01  1.92958e-06  1.50000e+01  0.00000e+00 
   3.24443e-01  4.00220e-01  4.70220e-03  1.61910e+00  1.65864e-06  4.00000e+00  0.00000e+00 
   4.33733e-01  3.49901e-01  3.95008e-03  1.67629e+00  2.42957e-06  3.30000e+01  0.00000e+00 
   3.12493e-01  4.63055e-01  3.29886e-03  1.46257e+00  1.57887e-06  3.00000e+00  0.00000e+00 
   4.12765e-01  4.70620e-01  3.74777e-03  8.01750e-01  2.14892e-06  2.20000e+01  0.00000e+00 
   3.69923e-01  3.83092e-01  5.60088e-03  1.37991e+00  2.04610e-06  2.00000e+01  0.00000e+00 
   3.67055e-01  5.70205e-01  2.77024e-03  1.64747e+00  2.42108e-06  3.20000e+01  0.00000e+00 
   4.28708e-01  5.02271e-01  4.67730e-03  1.49653e+00  1.89054e-06  1.20000e+01  0.00000e+00 
   3.37346e-01  4.42746e-01  3.97190e-03  1.23161e+00  1.91000e-06  1.30000e+01  0.00000e+00 
   3.28573e-01  4.77186e-01  2.68761e-03  1.18507e+00  2.16291e-06  2.40000e+01  0.00000e+00 
   3.73859e-01  4.96663e-01  4.64984e-03  1.00943e+00  1.83320e-06  1.10000e+01  0.00000e+00 
   4.27500e-01  4.29544e-01  4.78883e-03  9.64740e-01  2.43324e-06  3.40000e+01  0.00000e+00 
   3.79012e-01  5.61948e-01  4.92270e-03  1.60692e+00  2.53203e-06  3.90000e+01  0.00000e+00 
   3.40000e-01  4.23856e-01  4.62744e-03  1.37324e+00  1.68831e-06  8.00000e+00  0.00000e+00 
   3.41666e-01  4.32382e-01  5.83329e-03  1.13939e+00  2.25257e-06  2.60000e+01  0.00000e+00 
                                                                                      
generation    7.00000e+00
         sol00z       sol00en             R            tt      nemirrms       mgorank  mgoviolations 
   4.18513e-01  5.33721e-01  4.00016e-03  1.40477e+00  2.06700e-06  2.80000e+01  0.00000e+00 
   3.73974e-01  5.00827e-01  4.06495e-03  1.45689e+00  1.66192e-06  6.00000e+00  0.00000e+00 
   3.71779e-01  4.47789e-01  4.34031e-03  1.47160e+00  1.42316e-06  1.00000e+00  0.00000e+00 
   3.47696e-01  4.26938e-01  4.48012e-03  1.02976e+00  2.31376e-06  3.90000e+01  0.00000e+00 
   3.61168e-01  5.04719e-01  4.59892e-03  9.23512e-01  2.01455e-06  2.30000e+01  0.00000e+00 
   3.39521e-01  5.10479e-01  4.43236e-03  1.02749e+00  2.06687e-06  2.70000e+01  0.00000e+00 
   3.42211e-01  5.26715e-01  3.88032e-03  1.51033e+00  2.02733e-06  2.40000e+01  0.00000e+00 
   3.22206e-01  4.91000e-01  3.79661e-03  5.87013e-01  2.26351e-06  3.60000e+01  0.00000e+00 
   3.52491e-01  5.70519e-01  4.08434e-03  1.58412e+00  2.29424e-06  3.70000e+01  0.00000e+00 
   3.51549e-01  5.41042e-01  3.00219e-03  1.64938e+00  2.00077e-06  2.10000e+01  0.00000e+00 
   4.27500e-01  4.29544e-01  5.81210e-03  1.53360e+00  2.21130e-06  3.40000e+01  0.00000e+00 
   3.82248e-01  4.12820e-01  4.92331e-03  1.22266e+00  2.00848e-06  2.20000e+01  0.00000e+00 
   3.56947e-01  4.48259e-01  3.58043e-03  1.74161e+00  1.37799e-06  0.00000e+00  0.00000e+00 
   3.67055e-01  5.01874e-01  3.69679e-03  1.76836e+00  1.46741e-06  2.00000e+00  0.00000e+00 
   4.10711e-01  5.09144e-01  3.18228e-03  1.46257e+00  1.96108e-06  1.80000e+01  0.00000e+00 
   3.71779e-01  4.55180e-01  5.20840e-03  1.05698e+00  1.68278e-06  8.00000e+00  0.00000e+00 
   4.01737e-01  4.97985e-01  5.19004e-03  9.60462e-01  2.15125e-06  3.10000e+01  0.00000e+00 
   3.99256e-01  4.53845e-01  4.98929e-03  9.11858e-01  1.92342e-06  1.60000e+01  0.00000e+00 
   3.07503e-01  5.10479e-01  3.99634e-03  9.12983e-01  1.67006e-06  7.00000e+00  0.00000e+00 
   4.19000e-01  4.49012e-01  5.22549e-03  1.19032e+00  1.68400e-06  9.00000e+00  0.00000e+00 
   3.45113e-01  4.39549e-01  3.85292e-03  1.26300e+00  1.99411e-06  2.00000e+01  0.00000e+00 
   4.23195e-01  4.50562e-01  3.74350e-03  1.35348e+00  1.82389e-06  1.20000e+01  0.00000e+00 
   3.91187e-01  4.44465e-01  5.73342e-03  1.06821e+00  1.97420e-06  1.90000e+01  0.00000e+00 
   3.41211e-01  5.21599e-01  3.15681e-03  1.65064e+00  1.72724e-06  1.10000e+01  0.00000e+00 
   3.24471e-01  3.31496e-01  4.31483e-03  1.73088e+00  2.20276e-06  3.30000e+01  0.00000e+00 
   4.05619e-01  3.37833e-01  5.01424e-03  1.74518e+00  2.03177e-06  2.50000e+01  0.00000e+00 
   4.31591e-01  5.52432e-01  5.17307e-03  1.60352e+00  2.30178e-06  3.80000e+01  0.00000e+00 
   3.31252e-01  3.70420e-01  5.60989e-03  1.67982e+00  2.12785e-06  2.90000e+01  0.00000e+00 
   4.09940e-01  4.90499e-01  3.00778e-03  1.25120e+00  1.53561e-06  3.00000e+00  0.00000e+00 
   4.40221e-01  4.88715e-01  3.29399e-03  9.78942e-01  1.92958e-06  1.70000e+01  0.00000e+00 
   3.24443e-01  4.00220e-01  4.70220e-03  1.61910e+00  1.65864e-06  5.00000e+00  0.00000e+00 
   3.12493e-01  4.63055e-01  3.29886e-03  1.46257e+00  1.57887e-06  4.00000e+00  0.00000e+00 
   4.12765e-01  4.70620e-01  3.74777e-03  8.01750e-01  2.14892e-06  3.00000e+01  0.00000e+00 
   3.69923e-01  3.83092e-01  5.60088e-03  1.37991e+00  2.04610e-06  2.60000e+01  0.00000e+00 
   4.28708e-01  5.02271e-01  4.67730e-03  1.49653e+00  1.89054e-06  1.40000e+01  0.00000e+00 
   3.37346e-01  4.42746e-01  3.97190e-03  1.23161e+00  1.91000e-06  1.50000e+01  0.00000e+00 
   3.28573e-01  4.77186e-01  2.68761e-03  1.18507e+00  2.16291e-06  3.20000e+01  0.00000e+00 
   3.73859e-01  4.96663e-01  4.64984e-03  1.00943e+00  1.83320e-06  1.30000e+01  0.00000e+00 
   3.40000e-01  4.23856e-01  4.62744e-03  1.37324e+00  1.68831e-06  1.00000e+01  0.00000e+00 
   3.41666e-01  4.32382e-01  5.83329e-03  1.13939e+00  2.25257e-06  3.50000e+01  0.00000e+00 
                                                                                      
generation    8.00000e+00
         sol00z       sol00en             R            tt      nemirrms       mgorank  mgoviolations 
   3.49467e-01  4.61317e-01  5.33954e-03  1.05304e+00  1.78929e-06  2.10000e+01  0.00000e+00 
   3.10421e-01  4.45212e-01  4.64764e-03  1.30559e+00  1.51947e-06  8.00000e+00  0.00000e+00 
   3.62545e-01  4.76554e-01  3.26710e-03  1.02483e+00  1.82380e-06  2.20000e+01  0.00000e+00 
   4.34429e-01  4.99855e-01  4.83694e-03  1.69928e+00  1.85329e-06  2.60000e+01  0.00000e+00 
   3.68000e-01  4.28872e-01  4.12372e-03  1.63085e+00  1.55171e-06  1.00000e+01  0.00000e+00 
   3.75600e-01  4.46892e-01  4.54300e-03  1.41581e+00  1.45981e-06  4.00000e+00  0.00000e+00 
   3.23540e-01  4.92544e-01  3.34401e-03  1.29984e+00  1.23014e-06  0.00000e+00  0.00000e+00 
   3.56684e-01  4.88715e-01  4.79552e-03  1.46072e+00  1.90316e-06  2.80000e+01  0.00000e+00 
   3.06255e-01  4.85589e-01  4.33148e-03  9.41513e-01  1.51860e-06  7.00000e+00  0.00000e+00 
   3.46875e-01  4.58865e-01  4.22842e-03  1.13614e+00  1.63085e-06  1.20000e+01  0.00000e+00 
   3.75725e-01  4.95622e-01  3.91797e-03  1.33129e+00  1.51328e-06  6.00000e+00  0.00000e+00 
   4.28708e-01  4.88715e-01  3.29399e-03  1.56907e+00  1.35030e-06  1.00000e+00  0.00000e+00 
   4.40699e-01  4.32158e-01  5.26416e-03  1.15956e+00  1.92466e-06  3.10000e+01  0.00000e+00 
   3.16887e-01  4.48189e-01  5.06703e-03  1.53985e+00  1.84900e-06  2.50000e+01  0.00000e+00 
   4.14654e-01  4.27722e-01  3.89723e-03  1.73088e+00  1.64838e-06  1.30000e+01  0.00000e+00 
   3.73974e-01  5.00827e-01  4.06495e-03  1.45689e+00  1.66192e-06  1.50000e+01  0.00000e+00 
   3.71779e-01  4.47789e-01  4.34031e-03  1.47160e+00  1.42316e-06  3.00000e+00  0.00000e+00 
   3.61168e-01  5.04719e-01  4.59892e-03  9.23512e-01  2.01455e-06  3.80000e+01  0.00000e+00 
   3.42211e-01  5.26715e-01  3.88032e-03  1.51033e+00  2.02733e-06  3.90000e+01  0.00000e+00 
   3.51549e-01  5.41042e-01  3.00219e-03  1.64938e+00  2.00077e-06  3.60000e+01  0.00000e+00 
   3.82248e-01  4.12820e-01  4.92331e-03  1.22266e+00  2.00848e-06  3.70000e+01  0.00000e+00 
   3.56947e-01  4.48259e-01  3.58043e-03  1.74161e+00  1.37799e-06  2.00000e+00  0.00000e+00 
   3.67055e-01  5.01874e-01  3.69679e-03  1.76836e+00  1.46741e-06  5.00000e+00  0.00000e+00 
   4.10711e-01  5.09144e-01  3.18228e-03  1.46257e+00  1.96108e-06  3.30000e+01  0.00000e+00 
   3.71779e-01  4.55180e-01  5.20840e-03  1.05698e+00  1.68278e-06  1.70000e+01  0.00000e+00 
   3.99256e-01  4.53845e-01  4.98929e-03  9.11858e-01  1.92342e-06  3.00000e+01  0.00000e+00 
   3.07503e-01  5.10479e-01  3.99634e-03  9.12983e-01  1.67006e-06  1.60000e+01  0.00000e+00 
   4.19000e-01  4.49012e-01  5.22549e-03  1.19032e+00  1.68400e-06  1.80000e+01  0.00000e+00 
   3.45113e-01  4.39549e-01  3.85292e-03  1.26300e+00  1.99411e-06  3.50000e+01  0.00000e+00 
   4.23195e-01  4.50562e-01  3.74350e-03  1.35348e+00  1.82389e-06  2.30000e+01  0.00000e+00 
   3.91187e-01  4.44465e-01  5.73342e-03  1.06821e+00  1.97420e-06  3.40000e+01  0.00000e+00 
   3.41211e-01  5.21599e-01  3.15681e-03  1.65064e+00  1.72724e-06  2.00000e+01  0.00000e+00 
   4.09940e-01  4.90499e-01  3.00778e-03  1.25120e+00  1.53561e-06  9.00000e+00  0.00000e+00 
   4.40221e-01  4.88715e-01  3.29399e-03  9.78942e-01  1.92958e-06  3.20000e+01  0.00000e+00 
   3.24443e-01  4.00220e-01  4.70220e-03  1.61910e+00  1.65864e-06  1.40000e+01  0.00000e+00 
   3.12493e-01  4.63055e-01  3.29886e-03  1.46257e+00  1.57887e-06  1.10000e+01  0.00000e+00 
   4.28708e-01  5.02271e-01  4.67730e-03  1.49653e+00  1.89054e-06  2.70000e+01  0.00000e+00 
   3.37346e-01  4.42746e-01  3.97190e-03  1.23161e+00  1.91000e-06  2.90000e+01  0.00000e+00 
   3.73859e-01  4.96663e-01  4.64984e-03  1.00943e+00  1.83320e-06  2.40000e+01  0.00000e+00 
   3.40000e-01  4.23856e-01  4.62744e-03  1.37324e+00  1.68831e-06  1.90000e+01  0.00000e+00 
                                                                                      
generation    9.00000e+00
         sol00z       sol00en             R            tt      nemirrms       mgorank  mgoviolations 
   3.42548e-01  4.94816e-01  4.30547e-03  9.90555e-01  1.57338e-06  1.80000e+01  0.00000e+00 
   4.39045e-01  4.22441e-01  5.36735e-03  1.45538e+00  1.79892e-06  3.70000e+01  0.00000e+00 
   3.46776e-01  4.56499e-01  3.70679e-03  1.57894e+00  1.34831e-06  2.00000e+00  0.00000e+00 
   3.73907e-01  4.60466e-01  4.81177e-03  1.00221e+00  1.67049e-06  2.70000e+01  0.00000e+00 
   3.00596e-01  5.18613e-01  3.00219e-03  1.22354e+00  1.48887e-06  1.00000e+01  0.00000e+00 
   3.88222e-01  4.94693e-01  3.90237e-03  1.27440e+00  1.53158e-06  1.40000e+01  0.00000e+00 
   3.69777e-01  4.99790e-01  4.07801e-03  1.46479e+00  1.64052e-06  2.20000e+01  0.00000e+00 
   4.11507e-01  4.85368e-01  4.30890e-03  1.56648e+00  1.48020e-06  8.00000e+00  0.00000e+00 
   3.71779e-01  4.67793e-01  4.34031e-03  1.06639e+00  1.56023e-06  1.70000e+01  0.00000e+00 
   3.97263e-01  4.92734e-01  4.47609e-03  1.50966e+00  1.69247e-06  3.30000e+01  0.00000e+00 
   3.91303e-01  4.77807e-01  4.54786e-03  8.50491e-01  1.67648e-06  2.90000e+01  0.00000e+00 
   4.19109e-01  5.00025e-01  4.62744e-03  1.61253e+00  1.81963e-06  3.80000e+01  0.00000e+00 
   4.04708e-01  4.93892e-01  3.77090e-03  1.18733e+00  1.57565e-06  1.90000e+01  0.00000e+00 
   3.38924e-01  4.22701e-01  4.82024e-03  1.35548e+00  1.67430e-06  2.80000e+01  0.00000e+00 
   3.45296e-01  5.03719e-01  3.70143e-03  1.68708e+00  1.48580e-06  9.00000e+00  0.00000e+00 
   4.22506e-01  4.90605e-01  4.77007e-03  1.49730e+00  1.78027e-06  3.50000e+01  0.00000e+00 
   3.18742e-01  5.00233e-01  3.43290e-03  1.13831e+00  1.33150e-06  1.00000e+00  0.00000e+00 
   3.49467e-01  4.61317e-01  5.33954e-03  1.05304e+00  1.78929e-06  3.60000e+01  0.00000e+00 
   3.10421e-01  4.45212e-01  4.64764e-03  1.30559e+00  1.51947e-06  1.30000e+01  0.00000e+00 
   3.62545e-01  4.76554e-01  3.26710e-03  1.02483e+00  1.82380e-06  3.90000e+01  0.00000e+00 
   3.68000e-01  4.28872e-01  4.12372e-03  1.63085e+00  1.55171e-06  1.60000e+01  0.00000e+00 
   3.75600e-01  4.46892e-01  4.54300e-03  1.41581e+00  1.45981e-06  6.00000e+00  0.00000e+00 
   3.23540e-01  4.92544e-01  3.34401e-03  1.29984e+00  1.23014e-06  0.00000e+00  0.00000e+00 
   3.06255e-01  4.85589e-01  4.33148e-03  9.41513e-01  1.51860e-06  1.20000e+01  0.00000e+00 
   3.46875e-01  4.58865e-01  4.22842e-03  1.13614e+00  1.63085e-06  2.10000e+01  0.00000e+00 
   3.75725e-01  4.95622e-01  3.91797e-03  1.33129e+00  1.51328e-06  1.10000e+01  0.00000e+00 
   4.28708e-01  4.88715e-01  3.29399e-03  1.56907e+00  1.35030e-06  3.00000e+00  0.00000e+00 
   4.14654e-01  4.27722e-01  3.89723e-03  1.73088e+00  1.64838e-06  2.30000e+01  0.00000e+00 
   3.73974e-01  5.00827e-01  4.06495e-03  1.45689e+00  1.66192e-06  2.50000e+01  0.00000e+00 
   3.71779e-01  4.47789e-01  4.34031e-03  1.47160e+00  1.42316e-06  5.00000e+00  0.00000e+00 
   3.56947e-01  4.48259e-01  3.58043e-03  1.74161e+00  1.37799e-06  4.00000e+00  0.00000e+00 
   3.67055e-01  5.01874e-01  3.69679e-03  1.76836e+00  1.46741e-06  7.00000e+00  0.00000e+00 
   3.71779e-01  4.55180e-01  5.20840e-03  1.05698e+00  1.68278e-06  3.00000e+01  0.00000e+00 
   3.07503e-01  5.10479e-01  3.99634e-03  9.12983e-01  1.67006e-06  2.60000e+01  0.00000e+00 
   4.19000e-01  4.49012e-01  5.22549e-03  1.19032e+00  1.68400e-06  3.10000e+01  0.00000e+00 
   3.41211e-01  5.21599e-01  3.15681e-03  1.65064e+00  1.72724e-06  3.40000e+01  0.00000e+00 
   4.09940e-01  4.90499e-01  3.00778e-03  1.25120e+00  1.53561e-06  1.50000e+01  0.00000e+00 
   3.24443e-01  4.00220e-01  4.70220e-03  1.61910e+00  1.65864e-06  2.40000e+01  0.00000e+00 
   3.12493e-01  4.63055e-01  3.29886e-03  1.46257e+00  1.57887e-06  2.00000e+01  0.00000e+00 
   3.40000e-01  4.23856e-01  4.62744e-03  1.37324e+00  1.68831e-06  3.20000e+01  0.00000e+00 
                                                                                      
generation    1.00000e+01
         sol00z       sol00en             R            tt      nemirrms       mgorank  mgoviolations 
   3.43726e-01  4.88715e-01  3.85725e-03  1.36907e+00  1.30308e-06  2.00000e+00  0.00000e+00 
   3.85751e-01  4.95489e-01  2.54979e-03  1.48565e+00  1.46576e-06  1.30000e+01  0.00000e+00 
   3.97263e-01  4.92734e-01  4.06340e-03  1.36942e+00  1.52822e-06  2.30000e+01  0.00000e+00 
   3.19234e-01  4.92631e-01  3.95492e-03  1.67006e+00  1.42359e-06  1.10000e+01  0.00000e+00 
   3.31150e-01  4.48772e-01  4.08404e-03  1.63172e+00  1.31087e-06  3.00000e+00  0.00000e+00 
   3.74416e-01  4.72151e-01  3.30932e-03  1.22890e+00  1.61056e-06  3.20000e+01  0.00000e+00 
   3.58490e-01  4.74510e-01  3.83132e-03  1.20628e+00  1.40252e-06  9.00000e+00  0.00000e+00 
   3.06255e-01  4.94816e-01  4.30547e-03  9.90555e-01  1.50321e-06  1.90000e+01  0.00000e+00 
   4.13386e-01  4.24570e-01  4.46722e-03  1.75617e+00  1.49822e-06  1.80000e+01  0.00000e+00 
   3.92435e-01  4.89297e-01  2.83080e-03  1.42363e+00  1.34116e-06  5.00000e+00  0.00000e+00 
   3.61507e-01  4.59071e-01  3.83200e-03  1.61258e+00  1.27200e-06  1.00000e+00  0.00000e+00 
   3.51549e-01  4.39366e-01  4.57397e-03  1.37568e+00  1.53498e-06  2.50000e+01  0.00000e+00 
   3.42548e-01  4.94816e-01  4.30547e-03  9.90555e-01  1.57338e-06  2.90000e+01  0.00000e+00 
   3.46776e-01  4.56499e-01  3.70679e-03  1.57894e+00  1.34831e-06  6.00000e+00  0.00000e+00 
   3.73907e-01  4.60466e-01  4.81177e-03  1.00221e+00  1.67049e-06  3.90000e+01  0.00000e+00 
   3.00596e-01  5.18613e-01  3.00219e-03  1.22354e+00  1.48887e-06  1.70000e+01  0.00000e+00 
   3.88222e-01  4.94693e-01  3.90237e-03  1.27440e+00  1.53158e-06  2.40000e+01  0.00000e+00 
   3.69777e-01  4.99790e-01  4.07801e-03  1.46479e+00  1.64052e-06  3.40000e+01  0.00000e+00 
   4.11507e-01  4.85368e-01  4.30890e-03  1.56648e+00  1.48020e-06  1.50000e+01  0.00000e+00 
   3.71779e-01  4.67793e-01  4.34031e-03  1.06639e+00  1.56023e-06  2.80000e+01  0.00000e+00 
   4.04708e-01  4.93892e-01  3.77090e-03  1.18733e+00  1.57565e-06  3.00000e+01  0.00000e+00 
   3.45296e-01  5.03719e-01  3.70143e-03  1.68708e+00  1.48580e-06  1.60000e+01  0.00000e+00 
   3.18742e-01  5.00233e-01  3.43290e-03  1.13831e+00  1.33150e-06  4.00000e+00  0.00000e+00 
   3.10421e-01  4.45212e-01  4.64764e-03  1.30559e+00  1.51947e-06  2.20000e+01  0.00000e+00 
   3.68000e-01  4.28872e-01  4.12372e-03  1.63085e+00  1.55171e-06  2.70000e+01  0.00000e+00 
   3.75600e-01  4.46892e-01  4.54300e-03  1.41581e+00  1.45981e-06  1.20000e+01  0.00000e+00 
   3.23540e-01  4.92544e-01  3.34401e-03  1.29984e+00  1.23014e-06  0.00000e+00  0.00000e+00 
   3.06255e-01  4.85589e-01  4.33148e-03  9.41513e-01  1.51860e-06  2.10000e+01  0.00000e+00 
   3.46875e-01  4.58865e-01  4.22842e-03  1.13614e+00  1.63085e-06  3.30000e+01  0.00000e+00 
   3.75725e-01  4.95622e-01  3.91797e-03  1.33129e+00  1.51328e-06  2.00000e+01  0.00000e+00 
   4.28708e-01  4.88715e-01  3.29399e-03  1.56907e+00  1.35030e-06  7.00000e+00  0.00000e+00 
   4.14654e-01  4.27722e-01  3.89723e-03  1.73088e+00  1.64838e-06  3.50000e+01  0.00000e+00 
   3.73974e-01  5.00827e-01  4.06495e-03  1.45689e+00  1.66192e-06  3.70000e+01  0.00000e+00 
   3.71779e-01  4.47789e-01  4.34031e-03  1.47160e+00  1.42316e-06  1.00000e+01  0.00000e+00 
   3.56947e-01  4.48259e-01  3.58043e-03  1.74161e+00  1.37799e-06  8.00000e+00  0.00000e+00 
   3.67055e-01  5.01874e-01  3.69679e-03  1.76836e+00  1.46741e-06  1.40000e+01  0.00000e+00 
   3.07503e-01  5.10479e-01  3.99634e-03  9.12983e-01  1.67006e-06  3.80000e+01  0.00000e+00 
   4.09940e-01  4.90499e-01  3.00778e-03  1.25120e+00  1.53561e-06  2.60000e+01  0.00000e+00 
   3.24443e-01  4.00220e-01  4.70220e-03  1.61910e+00  1.65864e-06  3.60000e+01  0.00000e+00 
   3.12493e-01  4.63055e-01  3.29886e-03  1.46257e+00  1.57887e-06  3.10000e+01  0.00000e+00 
                                                                                      
