generation    1.00000e+00
         sol00z       sol00en             R            tt      nemirrms       mgorank  mgoviolations 
   3.53864e-01  4.31491e-01  8.21487e-03  8.42008e-01  6.97788e-06  1.00000e+01  0.00000e+00 
   3.24470e-01  3.35014e-01  1.12172e-02  1.48447e+00  2.87453e-05  3.70000e+01  1.00000e+00 
   4.49999e-01  2.22597e-01  1.10096e-02  2.69570e-01  1.86087e-05  2.40000e+01  0.00000e+00 
   3.02445e-01  2.45732e-01  4.23508e-03  1.45731e+00  5.39673e-06  6.00000e+00  0.00000e+00 
   3.11179e-01  6.70062e-01  3.47276e-03  9.62736e-01  1.43550e-05  2.00000e+01  0.00000e+00 
   3.15476e-01  1.75645e-01  7.45900e-03  1.38083e+00  5.48324e-06  7.00000e+00  0.00000e+00 
   4.49670e-01  1.32435e-01  1.08349e-02  1.76575e-01  1.94256e-05  2.50000e+01  0.00000e+00 
   3.26432e-01  2.44037e-01  1.01802e-02  1.33215e+00  2.71393e-05  3.30000e+01  1.00000e+00 
   3.98596e-01  6.15206e-01  6.95604e-03  1.66695e+00  7.78080e-06  1.20000e+01  0.00000e+00 
   3.00624e-01  6.53841e-01  8.34503e-03  3.65651e-01  2.23344e-05  2.80000e+01  0.00000e+00 
   3.59765e-01  5.88860e-01  9.15797e-03  1.64420e+00  1.72173e-05  2.20000e+01  0.00000e+00 
   3.85998e-01  5.53349e-01  3.46745e-03  3.26162e-01  6.81071e-05  3.90000e+01  1.00000e+00 
   3.79012e-01  5.61948e-01  6.60206e-03  1.61018e+00  4.93613e-06  5.00000e+00  0.00000e+00 
   3.14022e-01  1.80941e-01  7.68189e-03  1.86906e-01  8.18284e-06  1.40000e+01  0.00000e+00 
   3.74037e-01  6.83665e-01  5.63265e-03  1.39988e+00  6.76107e-06  9.00000e+00  0.00000e+00 
   3.95357e-01  5.30378e-01  4.27442e-03  1.11220e+00  3.86534e-06  1.00000e+00  0.00000e+00 
   4.03179e-01  1.99584e-01  6.96094e-03  1.59013e+00  4.42512e-06  2.00000e+00  0.00000e+00 
   4.36747e-01  2.18531e-01  6.01700e-03  1.39440e+00  4.83378e-06  4.00000e+00  0.00000e+00 
   4.49839e-01  2.30954e-01  7.61639e-03  1.51845e+00  5.54818e-06  8.00000e+00  0.00000e+00 
   4.47713e-01  6.61002e-01  9.16001e-03  7.20580e-01  1.83613e-05  2.30000e+01  0.00000e+00 
   3.40000e-01  4.23856e-01  6.37686e-03  1.38044e+00  2.86392e-06  0.00000e+00  0.00000e+00 
   4.12466e-01  3.21198e-01  5.64744e-03  4.56458e-01  7.34055e-06  1.10000e+01  0.00000e+00 
   3.22149e-01  6.28637e-01  8.76973e-03  8.05918e-01  2.26062e-05  2.90000e+01  0.00000e+00 
   3.92939e-01  2.68636e-01  1.00740e-02  5.88051e-01  1.67219e-05  2.10000e+01  0.00000e+00 
   3.72374e-01  2.29495e-01  1.15523e-02  1.66022e+00  2.81458e-05  3.60000e+01  1.00000e+00 
   3.67055e-01  2.35664e-01  4.68780e-03  5.33411e-01  8.09781e-06  1.30000e+01  0.00000e+00 
   3.41666e-01  4.32382e-01  7.29657e-03  1.15052e+00  4.74956e-06  3.00000e+00  0.00000e+00 
   4.26028e-01  3.36630e-01  1.00479e-02  1.44727e+00  2.59975e-05  3.00000e+01  1.00000e+00 
   3.52554e-01  5.12002e-01  1.16082e-02  1.08012e+00  2.69653e-05  3.20000e+01  1.00000e+00 
   3.42497e-01  3.11475e-01  1.02695e-02  1.65830e+00  2.76941e-05  3.50000e+01  1.00000e+00 
   3.91896e-01  2.77619e-01  8.73797e-03  9.67503e-01  8.45686e-06  1.60000e+01  0.00000e+00 
   3.35742e-01  6.82380e-01  1.11199e-02  1.53911e+00  2.05946e-05  2.70000e+01  0.00000e+00 
   3.65646e-01  6.59101e-01  1.13773e-02  1.31167e+00  2.03106e-05  2.60000e+01  0.00000e+00 
   3.54718e-01  4.08041e-01  1.15701e-02  1.65334e+00  2.76740e-05  3.40000e+01  1.00000e+00 
   3.28832e-01  4.97936e-01  1.10121e-02  6.60563e-01  2.65466e-05  3.10000e+01  1.00000e+00 
   3.42644e-01  5.43121e-01  8.75981e-03  6.69585e-01  1.06794e-05  1.70000e+01  0.00000e+00 
   3.10463e-01  6.69596e-01  7.73396e-03  2.00598e-01  3.42821e-05  3.80000e+01  1.00000e+00 
   3.76880e-01  5.00634e-01  7.78446e-03  1.18741e-01  1.40148e-05  1.90000e+01  0.00000e+00 
   3.09626e-01  1.12014e-01  7.11932e-03  1.60418e-01  8.37785e-06  1.50000e+01  0.00000e+00 
   3.23502e-01  3.40567e-01  4.16811e-03  2.40415e-01  1.17905e-05  1.80000e+01  0.00000e+00 
                                                                                      
generation    2.00000e+00
         sol00z       sol00en             R            tt      nemirrms       mgorank  mgoviolations 
   3.00736e-01  4.90146e-01  8.58618e-03  5.98134e-01  8.76249e-06  3.30000e+01  0.00000e+00 
   3.33548e-01  4.90679e-01  7.59617e-03  1.75006e+00  7.62726e-06  2.60000e+01  0.00000e+00 
   3.95471e-01  3.94803e-01  8.45717e-03  1.18741e-01  6.87139e-06  2.00000e+01  0.00000e+00 
   3.31646e-01  2.56824e-01  7.45900e-03  8.40238e-01  6.28593e-06  1.70000e+01  0.00000e+00 
   3.59335e-01  4.63120e-01  5.62466e-03  9.66461e-01  2.65625e-06  1.00000e+00  0.00000e+00 
   3.80418e-01  4.00897e-01  6.96094e-03  2.63792e-01  6.38274e-06  1.80000e+01  0.00000e+00 
   3.53057e-01  1.75645e-01  4.01447e-03  8.32051e-01  8.32681e-06  3.00000e+01  0.00000e+00 
   3.83467e-01  3.49901e-01  4.52646e-03  1.63691e+00  4.05073e-06  5.00000e+00  0.00000e+00 
   3.49317e-01  2.38857e-01  3.66745e-03  1.15788e+00  7.39336e-06  2.50000e+01  0.00000e+00 
   4.12171e-01  4.77346e-01  3.31879e-03  1.35866e+00  2.59434e-06  0.00000e+00  0.00000e+00 
   3.18821e-01  5.76082e-01  4.47692e-03  1.35387e+00  3.89388e-06  4.00000e+00  0.00000e+00 
   3.96329e-01  2.03465e-01  8.30787e-03  5.63454e-01  9.13967e-06  3.40000e+01  0.00000e+00 
   4.03108e-01  1.59784e-01  7.77727e-03  1.37526e+00  6.17137e-06  1.60000e+01  0.00000e+00 
   3.68048e-01  5.49274e-01  7.37487e-03  6.06461e-01  6.97524e-06  2.10000e+01  0.00000e+00 
   3.87673e-01  2.46648e-01  4.37151e-03  1.33126e+00  5.69544e-06  1.50000e+01  0.00000e+00 
   3.39165e-01  3.08819e-01  7.72292e-03  1.59640e-01  7.23638e-06  2.30000e+01  0.00000e+00 
   3.10486e-01  2.22793e-01  7.15278e-03  1.48444e+00  4.73941e-06  8.00000e+00  0.00000e+00 
   3.42006e-01  4.27664e-01  9.47342e-03  2.48241e-01  9.96001e-06  3.50000e+01  0.00000e+00 
   4.24380e-01  2.98202e-01  5.06071e-03  1.61340e+00  4.21328e-06  6.00000e+00  0.00000e+00 
   3.94422e-01  2.37482e-01  9.30558e-03  6.04517e-01  1.23442e-05  3.90000e+01  0.00000e+00 
   4.33342e-01  1.46197e-01  8.84736e-03  4.84077e-01  1.01824e-05  3.60000e+01  0.00000e+00 
   3.53864e-01  4.31491e-01  8.21487e-03  8.42008e-01  6.97788e-06  2.20000e+01  0.00000e+00 
   3.02445e-01  2.45732e-01  4.23508e-03  1.45731e+00  5.39673e-06  1.20000e+01  0.00000e+00 
   3.15476e-01  1.75645e-01  7.45900e-03  1.38083e+00  5.48324e-06  1.30000e+01  0.00000e+00 
   3.98596e-01  6.15206e-01  6.95604e-03  1.66695e+00  7.78080e-06  2.70000e+01  0.00000e+00 
   3.79012e-01  5.61948e-01  6.60206e-03  1.61018e+00  4.93613e-06  1.10000e+01  0.00000e+00 
   3.14022e-01  1.80941e-01  7.68189e-03  1.86906e-01  8.18284e-06  2.90000e+01  0.00000e+00 
   3.74037e-01  6.83665e-01  5.63265e-03  1.39988e+00  6.76107e-06  1.90000e+01  0.00000e+00 
   3.95357e-01  5.30378e-01  4.27442e-03  1.11220e+00  3.86534e-06  3.00000e+00  0.00000e+00 
   4.03179e-01  1.99584e-01  6.96094e-03  1.59013e+00  4.42512e-06  7.00000e+00  0.00000e+00 
   4.36747e-01  2.18531e-01  6.01700e-03  1.39440e+00  4.83378e-06  1.00000e+01  0.00000e+00 
   4.49839e-01  2.30954e-01  7.61639e-03  1.51845e+00  5.54818e-06  1.40000e+01  0.00000e+00 
   3.40000e-01  4.23856e-01  6.37686e-03  1.38044e+00  2.86392e-06  2.00000e+00  0.00000e+00 
   4.12466e-01  3.21198e-01  5.64744e-03  4.56458e-01  7.34055e-06  2.40000e+01  0.00000e+00 
   3.67055e-01  2.35664e-01  4.68780e-03  5.33411e-01  8.09781e-06  2.80000e+01  0.00000e+00 
   3.41666e-01  4.32382e-01  7.29657e-03  1.15052e+00  4.74956e-06  9.00000e+00  0.00000e+00 
   3.91896e-01  2.77619e-01  8.73797e-03  9.67503e-01  8.45686e-06  3.20000e+01  0.00000e+00 
   3.42644e-01  5.43121e-01  8.75981e-03  6.69585e-01  1.06794e-05  3.70000e+01  0.00000e+00 
   3.09626e-01  1.12014e-01  7.11932e-03  1.60418e-01  8.37785e-06  3.10000e+01  0.00000e+00 
   3.23502e-01  3.40567e-01  4.16811e-03  2.40415e-01  1.17905e-05  3.80000e+01  0.00000e+00 
                                                                                      
generation    3.00000e+00
         sol00z       sol00en             R            tt      nemirrms       mgorank  mgoviolations 
   3.28067e-01  3.81403e-01  6.09903e-03  7.50480e-01  5.36076e-06  1.80000e+01  0.00000e+00 
   3.98144e-01  1.99584e-01  6.13399e-03  8.00390e-01  6.57255e-06  2.90000e+01  0.00000e+00 
   3.68764e-01  5.49740e-01  3.11368e-03  1.36860e+00  3.81642e-06  5.00000e+00  0.00000e+00 
   3.07924e-01  2.22793e-01  6.79469e-03  7.50287e-01  6.81961e-06  3.10000e+01  0.00000e+00 
   4.03243e-01  4.15929e-01  5.68154e-03  1.31494e+00  3.12028e-06  4.00000e+00  0.00000e+00 
   3.59335e-01  2.60516e-01  6.62803e-03  8.02364e-01  6.39188e-06  2.80000e+01  0.00000e+00 
   3.53864e-01  2.19019e-01  7.83369e-03  7.74736e-01  6.95152e-06  3.30000e+01  0.00000e+00 
   3.54871e-01  3.77640e-01  3.91863e-03  3.78016e-01  7.33847e-06  3.70000e+01  0.00000e+00 
   3.89606e-01  4.94894e-01  7.19004e-03  1.01527e+00  4.78604e-06  1.40000e+01  0.00000e+00 
   3.60193e-01  5.41820e-01  6.41524e-03  4.84077e-01  6.07329e-06  2.30000e+01  0.00000e+00 
   3.98213e-01  1.50560e-01  6.64571e-03  9.62092e-01  6.32524e-06  2.60000e+01  0.00000e+00 
   4.00032e-01  3.98355e-01  4.47571e-03  1.50252e+00  3.85940e-06  6.00000e+00  0.00000e+00 
   3.10463e-01  5.58047e-01  4.15924e-03  8.06466e-01  5.25218e-06  1.70000e+01  0.00000e+00 
   3.97095e-01  5.13256e-01  4.90794e-03  1.16471e+00  3.09169e-06  3.00000e+00  0.00000e+00 
   3.95471e-01  3.94803e-01  8.45717e-03  1.18741e-01  6.87139e-06  3.20000e+01  0.00000e+00 
   3.31646e-01  2.56824e-01  7.45900e-03  8.40238e-01  6.28593e-06  2.50000e+01  0.00000e+00 
   3.59335e-01  4.63120e-01  5.62466e-03  9.66461e-01  2.65625e-06  1.00000e+00  0.00000e+00 
   3.80418e-01  4.00897e-01  6.96094e-03  2.63792e-01  6.38274e-06  2.70000e+01  0.00000e+00 
   3.83467e-01  3.49901e-01  4.52646e-03  1.63691e+00  4.05073e-06  9.00000e+00  0.00000e+00 
   3.49317e-01  2.38857e-01  3.66745e-03  1.15788e+00  7.39336e-06  3.90000e+01  0.00000e+00 
   4.12171e-01  4.77346e-01  3.31879e-03  1.35866e+00  2.59434e-06  0.00000e+00  0.00000e+00 
   3.18821e-01  5.76082e-01  4.47692e-03  1.35387e+00  3.89388e-06  8.00000e+00  0.00000e+00 
   4.03108e-01  1.59784e-01  7.77727e-03  1.37526e+00  6.17137e-06  2.40000e+01  0.00000e+00 
   3.68048e-01  5.49274e-01  7.37487e-03  6.06461e-01  6.97524e-06  3.40000e+01  0.00000e+00 
   3.87673e-01  2.46648e-01  4.37151e-03  1.33126e+00  5.69544e-06  2.20000e+01  0.00000e+00 
   3.39165e-01  3.08819e-01  7.72292e-03  1.59640e-01  7.23638e-06  3.60000e+01  0.00000e+00 
   3.10486e-01  2.22793e-01  7.15278e-03  1.48444e+00  4.73941e-06  1.20000e+01  0.00000e+00 
   4.24380e-01  2.98202e-01  5.06071e-03  1.61340e+00  4.21328e-06  1.00000e+01  0.00000e+00 
   3.53864e-01  4.31491e-01  8.21487e-03  8.42008e-01  6.97788e-06  3.50000e+01  0.00000e+00 
   3.02445e-01  2.45732e-01  4.23508e-03  1.45731e+00  5.39673e-06  1.90000e+01  0.00000e+00 
   3.15476e-01  1.75645e-01  7.45900e-03  1.38083e+00  5.48324e-06  2.00000e+01  0.00000e+00 
   3.79012e-01  5.61948e-01  6.60206e-03  1.61018e+00  4.93613e-06  1.60000e+01  0.00000e+00 
   3.74037e-01  6.83665e-01  5.63265e-03  1.39988e+00  6.76107e-06  3.00000e+01  0.00000e+00 
   3.95357e-01  5.30378e-01  4.27442e-03  1.11220e+00  3.86534e-06  7.00000e+00  0.00000e+00 
   4.03179e-01  1.99584e-01  6.96094e-03  1.59013e+00  4.42512e-06  1.10000e+01  0.00000e+00 
   4.36747e-01  2.18531e-01  6.01700e-03  1.39440e+00  4.83378e-06  1.50000e+01  0.00000e+00 
   4.49839e-01  2.30954e-01  7.61639e-03  1.51845e+00  5.54818e-06  2.10000e+01  0.00000e+00 
   3.40000e-01  4.23856e-01  6.37686e-03  1.38044e+00  2.86392e-06  2.00000e+00  0.00000e+00 
   4.12466e-01  3.21198e-01  5.64744e-03  4.56458e-01  7.34055e-06  3.80000e+01  0.00000e+00 
   3.41666e-01  4.32382e-01  7.29657e-03  1.15052e+00  4.74956e-06  1.30000e+01  0.00000e+00 
                                                                                      
generation    4.00000e+00
         sol00z       sol00en             R            tt      nemirrms       mgorank  mgoviolations 
   3.81476e-01  4.45981e-01  4.72028e-03  1.37484e+00  2.74451e-06  4.00000e+00  0.00000e+00 
   3.11946e-01  5.08360e-01  4.41491e-03  7.03815e-01  2.61698e-06  1.00000e+00  0.00000e+00 
   3.13400e-01  5.63581e-01  4.83818e-03  1.05437e+00  4.64573e-06  2.50000e+01  0.00000e+00 
   4.41230e-01  3.91566e-01  7.26311e-03  1.51287e+00  4.42150e-06  2.20000e+01  0.00000e+00 
   4.04287e-01  3.70425e-01  4.52646e-03  1.40699e+00  4.51173e-06  2.40000e+01  0.00000e+00 
   4.16754e-01  4.35431e-01  6.76401e-03  5.72309e-01  5.03179e-06  3.30000e+01  0.00000e+00 
   4.02256e-01  4.57561e-01  7.99180e-03  5.93670e-01  4.97210e-06  3.20000e+01  0.00000e+00 
   4.33813e-01  3.93068e-01  6.22643e-03  1.75168e+00  2.79678e-06  5.00000e+00  0.00000e+00 
   4.35180e-01  4.59010e-01  6.12838e-03  1.04112e+00  2.63594e-06  2.00000e+00  0.00000e+00 
   4.48851e-01  3.69835e-01  4.46767e-03  1.72912e+00  3.86746e-06  1.70000e+01  0.00000e+00 
   4.39941e-01  5.67924e-01  6.37637e-03  1.48268e+00  4.00273e-06  1.90000e+01  0.00000e+00 
   3.15984e-01  5.09999e-01  5.42413e-03  1.73204e+00  2.96803e-06  8.00000e+00  0.00000e+00 
   4.09874e-01  3.72249e-01  7.51999e-03  8.44876e-01  4.94903e-06  3.10000e+01  0.00000e+00 
   4.33342e-01  3.58566e-01  7.38418e-03  8.12816e-01  5.57892e-06  3.90000e+01  0.00000e+00 
   3.66746e-01  3.82893e-01  5.63451e-03  1.44235e+00  3.31999e-06  1.10000e+01  0.00000e+00 
   3.53057e-01  3.74980e-01  6.47090e-03  1.20729e+00  3.56196e-06  1.30000e+01  0.00000e+00 
   3.64467e-01  4.20711e-01  5.93994e-03  1.03259e+00  3.53472e-06  1.20000e+01  0.00000e+00 
   3.76063e-01  5.08331e-01  5.67097e-03  1.71307e+00  2.93940e-06  7.00000e+00  0.00000e+00 
   3.28067e-01  3.81403e-01  6.09903e-03  7.50480e-01  5.36076e-06  3.50000e+01  0.00000e+00 
   3.68764e-01  5.49740e-01  3.11368e-03  1.36860e+00  3.81642e-06  1.40000e+01  0.00000e+00 
   4.03243e-01  4.15929e-01  5.68154e-03  1.31494e+00  3.12028e-06  1.00000e+01  0.00000e+00 
   3.89606e-01  4.94894e-01  7.19004e-03  1.01527e+00  4.78604e-06  2.80000e+01  0.00000e+00 
   4.00032e-01  3.98355e-01  4.47571e-03  1.50252e+00  3.85940e-06  1.50000e+01  0.00000e+00 
   3.10463e-01  5.58047e-01  4.15924e-03  8.06466e-01  5.25218e-06  3.40000e+01  0.00000e+00 
   3.97095e-01  5.13256e-01  4.90794e-03  1.16471e+00  3.09169e-06  9.00000e+00  0.00000e+00 
   3.59335e-01  4.63120e-01  5.62466e-03  9.66461e-01  2.65625e-06  3.00000e+00  0.00000e+00 
   3.83467e-01  3.49901e-01  4.52646e-03  1.63691e+00  4.05073e-06  2.00000e+01  0.00000e+00 
   4.12171e-01  4.77346e-01  3.31879e-03  1.35866e+00  2.59434e-06  0.00000e+00  0.00000e+00 
   3.18821e-01  5.76082e-01  4.47692e-03  1.35387e+00  3.89388e-06  1.80000e+01  0.00000e+00 
   3.10486e-01  2.22793e-01  7.15278e-03  1.48444e+00  4.73941e-06  2.60000e+01  0.00000e+00 
   4.24380e-01  2.98202e-01  5.06071e-03  1.61340e+00  4.21328e-06  2.10000e+01  0.00000e+00 
   3.02445e-01  2.45732e-01  4.23508e-03  1.45731e+00  5.39673e-06  3.60000e+01  0.00000e+00 
   3.15476e-01  1.75645e-01  7.45900e-03  1.38083e+00  5.48324e-06  3.70000e+01  0.00000e+00 
   3.79012e-01  5.61948e-01  6.60206e-03  1.61018e+00  4.93613e-06  3.00000e+01  0.00000e+00 
   3.95357e-01  5.30378e-01  4.27442e-03  1.11220e+00  3.86534e-06  1.60000e+01  0.00000e+00 
   4.03179e-01  1.99584e-01  6.96094e-03  1.59013e+00  4.42512e-06  2.30000e+01  0.00000e+00 
   4.36747e-01  2.18531e-01  6.01700e-03  1.39440e+00  4.83378e-06  2.90000e+01  0.00000e+00 
   4.49839e-01  2.30954e-01  7.61639e-03  1.51845e+00  5.54818e-06  3.80000e+01  0.00000e+00 
   3.40000e-01  4.23856e-01  6.37686e-03  1.38044e+00  2.86392e-06  6.00000e+00  0.00000e+00 
   3.41666e-01  4.32382e-01  7.29657e-03  1.15052e+00  4.74956e-06  2.70000e+01  0.00000e+00 
                                                                                      
generation    5.00000e+00
         sol00z       sol00en             R            tt      nemirrms       mgorank  mgoviolations 
   3.60342e-01  3.80077e-01  5.90274e-03  1.48268e+00  3.08864e-06  1.30000e+01  0.00000e+00 
   4.28430e-01  5.47761e-01  6.60206e-03  1.48950e+00  3.92307e-06  3.20000e+01  0.00000e+00 
   3.02445e-01  5.75986e-01  4.23508e-03  1.45731e+00  3.72756e-06  2.40000e+01  0.00000e+00 
   4.32430e-01  5.00873e-01  6.50660e-03  1.69521e+00  3.32213e-06  1.80000e+01  0.00000e+00 
   3.19313e-01  3.91566e-01  4.83614e-03  1.41263e+00  3.73951e-06  2.50000e+01  0.00000e+00 
   4.16866e-01  5.09999e-01  6.84465e-03  1.60942e+00  3.69850e-06  2.30000e+01  0.00000e+00 
   4.05548e-01  3.37741e-01  6.30252e-03  1.74219e+00  3.18839e-06  1.60000e+01  0.00000e+00 
   4.39820e-01  4.01025e-01  6.91770e-03  1.12754e+00  3.69439e-06  2.20000e+01  0.00000e+00 
   3.53060e-01  4.05824e-01  6.95362e-03  1.34449e+00  3.97886e-06  3.30000e+01  0.00000e+00 
   3.83274e-01  4.15796e-01  7.46846e-03  1.58198e+00  4.40826e-06  3.90000e+01  0.00000e+00 
   3.58070e-01  3.09558e-01  5.99950e-03  1.31508e+00  4.39416e-06  3.80000e+01  0.00000e+00 
   3.39741e-01  5.44303e-01  4.38953e-03  1.04878e+00  4.27033e-06  3.70000e+01  0.00000e+00 
   3.73933e-01  5.01889e-01  4.97813e-03  8.08304e-01  2.59995e-06  2.00000e+00  0.00000e+00 
   4.43582e-01  4.89043e-01  3.83593e-03  1.06664e+00  2.83100e-06  9.00000e+00  0.00000e+00 
   3.94805e-01  4.73807e-01  5.54706e-03  1.38992e+00  1.99373e-06  0.00000e+00  0.00000e+00 
   4.20363e-01  4.96826e-01  5.76001e-03  1.71475e+00  2.69799e-06  6.00000e+00  0.00000e+00 
   3.97771e-01  3.39277e-01  5.77350e-03  1.50099e+00  3.79131e-06  2.60000e+01  0.00000e+00 
   3.46169e-01  4.10574e-01  6.04444e-03  1.08292e+00  3.47928e-06  1.90000e+01  0.00000e+00 
   3.81476e-01  4.45981e-01  4.72028e-03  1.37484e+00  2.74451e-06  7.00000e+00  0.00000e+00 
   3.11946e-01  5.08360e-01  4.41491e-03  7.03815e-01  2.61698e-06  3.00000e+00  0.00000e+00 
   4.33813e-01  3.93068e-01  6.22643e-03  1.75168e+00  2.79678e-06  8.00000e+00  0.00000e+00 
   4.35180e-01  4.59010e-01  6.12838e-03  1.04112e+00  2.63594e-06  4.00000e+00  0.00000e+00 
   4.48851e-01  3.69835e-01  4.46767e-03  1.72912e+00  3.86746e-06  3.00000e+01  0.00000e+00 
   4.39941e-01  5.67924e-01  6.37637e-03  1.48268e+00  4.00273e-06  3.40000e+01  0.00000e+00 
   3.15984e-01  5.09999e-01  5.42413e-03  1.73204e+00  2.96803e-06  1.20000e+01  0.00000e+00 
   3.66746e-01  3.82893e-01  5.63451e-03  1.44235e+00  3.31999e-06  1.70000e+01  0.00000e+00 
   3.53057e-01  3.74980e-01  6.47090e-03  1.20729e+00  3.56196e-06  2.10000e+01  0.00000e+00 
   3.64467e-01  4.20711e-01  5.93994e-03  1.03259e+00  3.53472e-06  2.00000e+01  0.00000e+00 
   3.76063e-01  5.08331e-01  5.67097e-03  1.71307e+00  2.93940e-06  1.10000e+01  0.00000e+00 
   3.68764e-01  5.49740e-01  3.11368e-03  1.36860e+00  3.81642e-06  2.70000e+01  0.00000e+00 
   4.03243e-01  4.15929e-01  5.68154e-03  1.31494e+00  3.12028e-06  1.50000e+01  0.00000e+00 
   4.00032e-01  3.98355e-01  4.47571e-03  1.50252e+00  3.85940e-06  2.80000e+01  0.00000e+00 
   3.97095e-01  5.13256e-01  4.90794e-03  1.16471e+00  3.09169e-06  1.40000e+01  0.00000e+00 
   3.59335e-01  4.63120e-01  5.62466e-03  9.66461e-01  2.65625e-06  5.00000e+00  0.00000e+00 
   3.83467e-01  3.49901e-01  4.52646e-03  1.63691e+00  4.05073e-06  3.50000e+01  0.00000e+00 
   4.12171e-01  4.77346e-01  3.31879e-03  1.35866e+00  2.59434e-06  1.00000e+00  0.00000e+00 
   3.18821e-01  5.76082e-01  4.47692e-03  1.35387e+00  3.89388e-06  3.10000e+01  0.00000e+00 
   4.24380e-01  2.98202e-01  5.06071e-03  1.61340e+00  4.21328e-06  3.60000e+01  0.00000e+00 
   3.95357e-01  5.30378e-01  4.27442e-03  1.11220e+00  3.86534e-06  2.90000e+01  0.00000e+00 
   3.40000e-01  4.23856e-01  6.37686e-03  1.38044e+00  2.86392e-06  1.00000e+01  0.00000e+00 
                                                                                      
generation    6.00000e+00
         sol00z       sol00en             R            tt      nemirrms       mgorank  mgoviolations 
   3.40000e-01  3.77441e-01  5.95835e-03  1.79953e+00  2.63082e-06  8.00000e+00  0.00000e+00 
   4.23371e-01  4.57573e-01  5.47717e-03  1.77942e+00  1.91701e-06  0.00000e+00  0.00000e+00 
   3.97625e-01  5.25895e-01  5.35226e-03  1.51309e+00  3.17167e-06  2.40000e+01  0.00000e+00 
   3.51014e-01  4.49035e-01  6.22528e-03  1.38044e+00  2.68526e-06  1.10000e+01  0.00000e+00 
   3.13287e-01  3.80603e-01  6.54233e-03  1.07722e+00  3.71740e-06  3.60000e+01  0.00000e+00 
   3.78237e-01  4.59103e-01  6.03935e-03  1.45696e+00  2.44559e-06  3.00000e+00  0.00000e+00 
   3.76063e-01  4.73476e-01  4.68947e-03  1.27712e+00  2.06694e-06  2.00000e+00  0.00000e+00 
   3.86718e-01  3.92170e-01  4.93923e-03  1.47845e+00  3.59862e-06  3.30000e+01  0.00000e+00 
   3.01565e-01  5.07274e-01  6.13846e-03  8.66188e-01  3.21982e-06  2.60000e+01  0.00000e+00 
   4.36747e-01  4.70012e-01  4.44262e-03  1.23164e+00  2.49185e-06  4.00000e+00  0.00000e+00 
   4.43303e-01  4.86643e-01  3.49441e-03  1.01527e+00  3.51730e-06  3.00000e+01  0.00000e+00 
   4.01806e-01  5.01481e-01  5.74863e-03  1.51889e+00  2.86234e-06  1.60000e+01  0.00000e+00 
   3.81476e-01  4.36051e-01  4.21710e-03  1.61602e+00  2.91790e-06  1.80000e+01  0.00000e+00 
   3.60342e-01  3.80077e-01  5.90274e-03  1.48268e+00  3.08864e-06  2.10000e+01  0.00000e+00 
   3.02445e-01  5.75986e-01  4.23508e-03  1.45731e+00  3.72756e-06  3.70000e+01  0.00000e+00 
   4.32430e-01  5.00873e-01  6.50660e-03  1.69521e+00  3.32213e-06  2.80000e+01  0.00000e+00 
   3.19313e-01  3.91566e-01  4.83614e-03  1.41263e+00  3.73951e-06  3.80000e+01  0.00000e+00 
   4.16866e-01  5.09999e-01  6.84465e-03  1.60942e+00  3.69850e-06  3.50000e+01  0.00000e+00 
   4.05548e-01  3.37741e-01  6.30252e-03  1.74219e+00  3.18839e-06  2.50000e+01  0.00000e+00 
   4.39820e-01  4.01025e-01  6.91770e-03  1.12754e+00  3.69439e-06  3.40000e+01  0.00000e+00 
   3.73933e-01  5.01889e-01  4.97813e-03  8.08304e-01  2.59995e-06  6.00000e+00  0.00000e+00 
   4.43582e-01  4.89043e-01  3.83593e-03  1.06664e+00  2.83100e-06  1.50000e+01  0.00000e+00 
   3.94805e-01  4.73807e-01  5.54706e-03  1.38992e+00  1.99373e-06  1.00000e+00  0.00000e+00 
   4.20363e-01  4.96826e-01  5.76001e-03  1.71475e+00  2.69799e-06  1.20000e+01  0.00000e+00 
   3.97771e-01  3.39277e-01  5.77350e-03  1.50099e+00  3.79131e-06  3.90000e+01  0.00000e+00 
   3.46169e-01  4.10574e-01  6.04444e-03  1.08292e+00  3.47928e-06  2.90000e+01  0.00000e+00 
   3.81476e-01  4.45981e-01  4.72028e-03  1.37484e+00  2.74451e-06  1.30000e+01  0.00000e+00 
   3.11946e-01  5.08360e-01  4.41491e-03  7.03815e-01  2.61698e-06  7.00000e+00  0.00000e+00 
   4.33813e-01  3.93068e-01  6.22643e-03  1.75168e+00  2.79678e-06  1.40000e+01  0.00000e+00 
   4.35180e-01  4.59010e-01  6.12838e-03  1.04112e+00  2.63594e-06  9.00000e+00  0.00000e+00 
   3.15984e-01  5.09999e-01  5.42413e-03  1.73204e+00  2.96803e-06  2.00000e+01  0.00000e+00 
   3.66746e-01  3.82893e-01  5.63451e-03  1.44235e+00  3.31999e-06  2.70000e+01  0.00000e+00 
   3.53057e-01  3.74980e-01  6.47090e-03  1.20729e+00  3.56196e-06  3.20000e+01  0.00000e+00 
   3.64467e-01  4.20711e-01  5.93994e-03  1.03259e+00  3.53472e-06  3.10000e+01  0.00000e+00 
   3.76063e-01  5.08331e-01  5.67097e-03  1.71307e+00  2.93940e-06  1.90000e+01  0.00000e+00 
   4.03243e-01  4.15929e-01  5.68154e-03  1.31494e+00  3.12028e-06  2.30000e+01  0.00000e+00 
   3.97095e-01  5.13256e-01  4.90794e-03  1.16471e+00  3.09169e-06  2.20000e+01  0.00000e+00 
   3.59335e-01  4.63120e-01  5.62466e-03  9.66461e-01  2.65625e-06  1.00000e+01  0.00000e+00 
   4.12171e-01  4.77346e-01  3.31879e-03  1.35866e+00  2.59434e-06  5.00000e+00  0.00000e+00 
   3.40000e-01  4.23856e-01  6.37686e-03  1.38044e+00  2.86392e-06  1.70000e+01  0.00000e+00 
                                                                                      
generation    7.00000e+00
         sol00z       sol00en             R            tt      nemirrms       mgorank  mgoviolations 
   3.19803e-01  3.67127e-01  6.30252e-03  1.63684e+00  3.02296e-06  2.60000e+01  0.00000e+00 
   3.65556e-01  3.97906e-01  5.98042e-03  1.20297e+00  3.47410e-06  3.90000e+01  0.00000e+00 
   3.86793e-01  5.08360e-01  5.83620e-03  1.53118e+00  3.13725e-06  3.10000e+01  0.00000e+00 
   3.97784e-01  4.11453e-01  5.31553e-03  1.39753e+00  3.21651e-06  3.40000e+01  0.00000e+00 
   3.05338e-01  3.91566e-01  6.26663e-03  1.41263e+00  2.91484e-06  2.20000e+01  0.00000e+00 
   4.23371e-01  4.17448e-01  6.24875e-03  1.48162e+00  2.70831e-06  1.50000e+01  0.00000e+00 
   4.02845e-01  4.96941e-01  6.33721e-03  1.30674e+00  3.43104e-06  3.80000e+01  0.00000e+00 
   3.53293e-01  4.50463e-01  6.20703e-03  1.28002e+00  2.52617e-06  5.00000e+00  0.00000e+00 
   3.68911e-01  4.44190e-01  6.36218e-03  1.21267e+00  2.62433e-06  9.00000e+00  0.00000e+00 
   3.95088e-01  3.42842e-01  6.23631e-03  1.71956e+00  3.13408e-06  3.00000e+01  0.00000e+00 
   3.56573e-01  5.00873e-01  5.56670e-03  1.45475e+00  2.76482e-06  1.70000e+01  0.00000e+00 
   3.40000e-01  3.77441e-01  5.95835e-03  1.79953e+00  2.63082e-06  1.00000e+01  0.00000e+00 
   4.23371e-01  4.57573e-01  5.47717e-03  1.77942e+00  1.91701e-06  0.00000e+00  0.00000e+00 
   3.97625e-01  5.25895e-01  5.35226e-03  1.51309e+00  3.17167e-06  3.20000e+01  0.00000e+00 
   3.51014e-01  4.49035e-01  6.22528e-03  1.38044e+00  2.68526e-06  1.30000e+01  0.00000e+00 
   3.78237e-01  4.59103e-01  6.03935e-03  1.45696e+00  2.44559e-06  3.00000e+00  0.00000e+00 
   3.76063e-01  4.73476e-01  4.68947e-03  1.27712e+00  2.06694e-06  2.00000e+00  0.00000e+00 
   3.01565e-01  5.07274e-01  6.13846e-03  8.66188e-01  3.21982e-06  3.50000e+01  0.00000e+00 
   4.36747e-01  4.70012e-01  4.44262e-03  1.23164e+00  2.49185e-06  4.00000e+00  0.00000e+00 
   4.01806e-01  5.01481e-01  5.74863e-03  1.51889e+00  2.86234e-06  2.00000e+01  0.00000e+00 
   3.81476e-01  4.36051e-01  4.21710e-03  1.61602e+00  2.91790e-06  2.30000e+01  0.00000e+00 
   3.60342e-01  3.80077e-01  5.90274e-03  1.48268e+00  3.08864e-06  2.70000e+01  0.00000e+00 
   4.32430e-01  5.00873e-01  6.50660e-03  1.69521e+00  3.32213e-06  3.70000e+01  0.00000e+00 
   4.05548e-01  3.37741e-01  6.30252e-03  1.74219e+00  3.18839e-06  3.30000e+01  0.00000e+00 
   3.73933e-01  5.01889e-01  4.97813e-03  8.08304e-01  2.59995e-06  7.00000e+00  0.00000e+00 
   4.43582e-01  4.89043e-01  3.83593e-03  1.06664e+00  2.83100e-06  1.90000e+01  0.00000e+00 
   3.94805e-01  4.73807e-01  5.54706e-03  1.38992e+00  1.99373e-06  1.00000e+00  0.00000e+00 
   4.20363e-01  4.96826e-01  5.76001e-03  1.71475e+00  2.69799e-06  1.40000e+01  0.00000e+00 
   3.81476e-01  4.45981e-01  4.72028e-03  1.37484e+00  2.74451e-06  1.60000e+01  0.00000e+00 
   3.11946e-01  5.08360e-01  4.41491e-03  7.03815e-01  2.61698e-06  8.00000e+00  0.00000e+00 
   4.33813e-01  3.93068e-01  6.22643e-03  1.75168e+00  2.79678e-06  1.80000e+01  0.00000e+00 
   4.35180e-01  4.59010e-01  6.12838e-03  1.04112e+00  2.63594e-06  1.10000e+01  0.00000e+00 
   3.15984e-01  5.09999e-01  5.42413e-03  1.73204e+00  2.96803e-06  2.50000e+01  0.00000e+00 
   3.66746e-01  3.82893e-01  5.63451e-03  1.44235e+00  3.31999e-06  3.60000e+01  0.00000e+00 
   3.76063e-01  5.08331e-01  5.67097e-03  1.71307e+00  2.93940e-06  2.40000e+01  0.00000e+00 
   4.03243e-01  4.15929e-01  5.68154e-03  1.31494e+00  3.12028e-06  2.90000e+01  0.00000e+00 
   3.97095e-01  5.13256e-01  4.90794e-03  1.16471e+00  3.09169e-06  2.80000e+01  0.00000e+00 
   3.59335e-01  4.63120e-01  5.62466e-03  9.66461e-01  2.65625e-06  1.20000e+01  0.00000e+00 
   4.12171e-01  4.77346e-01  3.31879e-03  1.35866e+00  2.59434e-06  6.00000e+00  0.00000e+00 
   3.40000e-01  4.23856e-01  6.37686e-03  1.38044e+00  2.86392e-06  2.10000e+01  0.00000e+00 
                                                                                      
generation    8.00000e+00
         sol00z       sol00en             R            tt      nemirrms       mgorank  mgoviolations 
   3.87294e-01  4.79666e-01  3.67509e-03  1.48162e+00  2.03991e-06  6.00000e+00  0.00000e+00 
   4.38226e-01  4.70576e-01  4.85085e-03  1.35519e+00  2.11525e-06  8.00000e+00  0.00000e+00 
   3.18391e-01  4.23024e-01  5.64341e-03  1.45115e+00  2.43782e-06  1.10000e+01  0.00000e+00 
   3.73167e-01  4.23122e-01  5.97059e-03  1.19034e+00  2.97798e-06  3.80000e+01  0.00000e+00 
   3.80250e-01  4.80484e-01  4.06973e-03  1.71990e+00  1.62806e-06  0.00000e+00  0.00000e+00 
   3.17067e-01  4.89809e-01  4.50381e-03  1.27865e+00  1.82011e-06  3.00000e+00  0.00000e+00 
   3.95236e-01  4.60223e-01  6.30186e-03  1.15434e+00  2.47694e-06  1.30000e+01  0.00000e+00 
   4.25003e-01  4.73182e-01  5.16348e-03  1.71973e+00  1.78335e-06  1.00000e+00  0.00000e+00 
   3.97247e-01  4.88762e-01  3.59306e-03  1.59698e+00  1.79275e-06  2.00000e+00  0.00000e+00 
   3.10858e-01  5.00027e-01  5.18275e-03  1.42656e+00  2.32011e-06  9.00000e+00  0.00000e+00 
   4.15570e-01  4.95371e-01  4.38926e-03  1.09920e+00  2.38415e-06  1.00000e+01  0.00000e+00 
   3.16442e-01  5.07578e-01  5.17884e-03  1.35586e+00  2.53532e-06  1.60000e+01  0.00000e+00 
   4.19869e-01  4.44884e-01  5.98032e-03  1.19825e+00  2.62741e-06  2.10000e+01  0.00000e+00 
   3.19803e-01  3.67127e-01  6.30252e-03  1.63684e+00  3.02296e-06  3.90000e+01  0.00000e+00 
   3.05338e-01  3.91566e-01  6.26663e-03  1.41263e+00  2.91484e-06  3.40000e+01  0.00000e+00 
   4.23371e-01  4.17448e-01  6.24875e-03  1.48162e+00  2.70831e-06  2.70000e+01  0.00000e+00 
   3.53293e-01  4.50463e-01  6.20703e-03  1.28002e+00  2.52617e-06  1.50000e+01  0.00000e+00 
   3.68911e-01  4.44190e-01  6.36218e-03  1.21267e+00  2.62433e-06  2.00000e+01  0.00000e+00 
   3.56573e-01  5.00873e-01  5.56670e-03  1.45475e+00  2.76482e-06  2.90000e+01  0.00000e+00 
   3.40000e-01  3.77441e-01  5.95835e-03  1.79953e+00  2.63082e-06  2.20000e+01  0.00000e+00 
   4.23371e-01  4.57573e-01  5.47717e-03  1.77942e+00  1.91701e-06  4.00000e+00  0.00000e+00 
   3.51014e-01  4.49035e-01  6.22528e-03  1.38044e+00  2.68526e-06  2.50000e+01  0.00000e+00 
   3.78237e-01  4.59103e-01  6.03935e-03  1.45696e+00  2.44559e-06  1.20000e+01  0.00000e+00 
   3.76063e-01  4.73476e-01  4.68947e-03  1.27712e+00  2.06694e-06  7.00000e+00  0.00000e+00 
   4.36747e-01  4.70012e-01  4.44262e-03  1.23164e+00  2.49185e-06  1.40000e+01  0.00000e+00 
   4.01806e-01  5.01481e-01  5.74863e-03  1.51889e+00  2.86234e-06  3.20000e+01  0.00000e+00 
   3.81476e-01  4.36051e-01  4.21710e-03  1.61602e+00  2.91790e-06  3.50000e+01  0.00000e+00 
   3.73933e-01  5.01889e-01  4.97813e-03  8.08304e-01  2.59995e-06  1.80000e+01  0.00000e+00 
   4.43582e-01  4.89043e-01  3.83593e-03  1.06664e+00  2.83100e-06  3.10000e+01  0.00000e+00 
   3.94805e-01  4.73807e-01  5.54706e-03  1.38992e+00  1.99373e-06  5.00000e+00  0.00000e+00 
   4.20363e-01  4.96826e-01  5.76001e-03  1.71475e+00  2.69799e-06  2.60000e+01  0.00000e+00 
   3.81476e-01  4.45981e-01  4.72028e-03  1.37484e+00  2.74451e-06  2.80000e+01  0.00000e+00 
   3.11946e-01  5.08360e-01  4.41491e-03  7.03815e-01  2.61698e-06  1.90000e+01  0.00000e+00 
   4.33813e-01  3.93068e-01  6.22643e-03  1.75168e+00  2.79678e-06  3.00000e+01  0.00000e+00 
   4.35180e-01  4.59010e-01  6.12838e-03  1.04112e+00  2.63594e-06  2.30000e+01  0.00000e+00 
   3.15984e-01  5.09999e-01  5.42413e-03  1.73204e+00  2.96803e-06  3.70000e+01  0.00000e+00 
   3.76063e-01  5.08331e-01  5.67097e-03  1.71307e+00  2.93940e-06  3.60000e+01  0.00000e+00 
   3.59335e-01  4.63120e-01  5.62466e-03  9.66461e-01  2.65625e-06  2.40000e+01  0.00000e+00 
   4.12171e-01  4.77346e-01  3.31879e-03  1.35866e+00  2.59434e-06  1.70000e+01  0.00000e+00 
   3.40000e-01  4.23856e-01  6.37686e-03  1.38044e+00  2.86392e-06  3.30000e+01  0.00000e+00 
                                                                                      
generation    9.00000e+00
         sol00z       sol00en             R            tt      nemirrms       mgorank  mgoviolations 
   3.40000e-01  4.87629e-01  3.86142e-03  1.11363e+00  2.32872e-06  1.60000e+01  0.00000e+00 
   3.61140e-01  4.69674e-01  4.87497e-03  1.15177e+00  2.33358e-06  1.70000e+01  0.00000e+00 
   3.97111e-01  4.11492e-01  5.30510e-03  1.64469e+00  2.67465e-06  3.70000e+01  0.00000e+00 
   3.56573e-01  4.37709e-01  5.15093e-03  1.74012e+00  2.00195e-06  6.00000e+00  0.00000e+00 
   3.55313e-01  5.03746e-01  4.95295e-03  1.10819e+00  2.33773e-06  1.80000e+01  0.00000e+00 
   3.89473e-01  4.68635e-01  5.51826e-03  1.23918e+00  2.06838e-06  1.00000e+01  0.00000e+00 
   4.48089e-01  4.67602e-01  4.69143e-03  1.52594e+00  2.07082e-06  1.10000e+01  0.00000e+00 
   3.15921e-01  4.82072e-01  5.61058e-03  9.05748e-01  2.36896e-06  1.90000e+01  0.00000e+00 
   3.56634e-01  4.66329e-01  4.77597e-03  1.38044e+00  2.04491e-06  8.00000e+00  0.00000e+00 
   4.43617e-01  4.76174e-01  4.68802e-03  1.28171e+00  2.10877e-06  1.20000e+01  0.00000e+00 
   3.97478e-01  3.99996e-01  6.02267e-03  1.72004e+00  2.57170e-06  2.70000e+01  0.00000e+00 
   3.57383e-01  4.98078e-01  5.62047e-03  1.25226e+00  2.61546e-06  3.00000e+01  0.00000e+00 
   4.04519e-01  4.96779e-01  5.25989e-03  1.38777e+00  2.30306e-06  1.40000e+01  0.00000e+00 
   3.87294e-01  4.79666e-01  3.67509e-03  1.48162e+00  2.03991e-06  7.00000e+00  0.00000e+00 
   4.38226e-01  4.70576e-01  4.85085e-03  1.35519e+00  2.11525e-06  1.30000e+01  0.00000e+00 
   3.18391e-01  4.23024e-01  5.64341e-03  1.45115e+00  2.43782e-06  2.10000e+01  0.00000e+00 
   3.80250e-01  4.80484e-01  4.06973e-03  1.71990e+00  1.62806e-06  0.00000e+00  0.00000e+00 
   3.17067e-01  4.89809e-01  4.50381e-03  1.27865e+00  1.82011e-06  3.00000e+00  0.00000e+00 
   3.95236e-01  4.60223e-01  6.30186e-03  1.15434e+00  2.47694e-06  2.30000e+01  0.00000e+00 
   4.25003e-01  4.73182e-01  5.16348e-03  1.71973e+00  1.78335e-06  1.00000e+00  0.00000e+00 
   3.97247e-01  4.88762e-01  3.59306e-03  1.59698e+00  1.79275e-06  2.00000e+00  0.00000e+00 
   3.10858e-01  5.00027e-01  5.18275e-03  1.42656e+00  2.32011e-06  1.50000e+01  0.00000e+00 
   4.15570e-01  4.95371e-01  4.38926e-03  1.09920e+00  2.38415e-06  2.00000e+01  0.00000e+00 
   3.16442e-01  5.07578e-01  5.17884e-03  1.35586e+00  2.53532e-06  2.60000e+01  0.00000e+00 
   4.19869e-01  4.44884e-01  5.98032e-03  1.19825e+00  2.62741e-06  3.30000e+01  0.00000e+00 
   3.53293e-01  4.50463e-01  6.20703e-03  1.28002e+00  2.52617e-06  2.50000e+01  0.00000e+00 
   3.68911e-01  4.44190e-01  6.36218e-03  1.21267e+00  2.62433e-06  3.20000e+01  0.00000e+00 
   3.40000e-01  3.77441e-01  5.95835e-03  1.79953e+00  2.63082e-06  3.40000e+01  0.00000e+00 
   4.23371e-01  4.57573e-01  5.47717e-03  1.77942e+00  1.91701e-06  4.00000e+00  0.00000e+00 
   3.51014e-01  4.49035e-01  6.22528e-03  1.38044e+00  2.68526e-06  3.80000e+01  0.00000e+00 
   3.78237e-01  4.59103e-01  6.03935e-03  1.45696e+00  2.44559e-06  2.20000e+01  0.00000e+00 
   3.76063e-01  4.73476e-01  4.68947e-03  1.27712e+00  2.06694e-06  9.00000e+00  0.00000e+00 
   4.36747e-01  4.70012e-01  4.44262e-03  1.23164e+00  2.49185e-06  2.40000e+01  0.00000e+00 
   3.73933e-01  5.01889e-01  4.97813e-03  8.08304e-01  2.59995e-06  2.90000e+01  0.00000e+00 
   3.94805e-01  4.73807e-01  5.54706e-03  1.38992e+00  1.99373e-06  5.00000e+00  0.00000e+00 
   4.20363e-01  4.96826e-01  5.76001e-03  1.71475e+00  2.69799e-06  3.90000e+01  0.00000e+00 
   3.11946e-01  5.08360e-01  4.41491e-03  7.03815e-01  2.61698e-06  3.10000e+01  0.00000e+00 
   4.35180e-01  4.59010e-01  6.12838e-03  1.04112e+00  2.63594e-06  3.50000e+01  0.00000e+00 
   3.59335e-01  4.63120e-01  5.62466e-03  9.66461e-01  2.65625e-06  3.60000e+01  0.00000e+00 
   4.12171e-01  4.77346e-01  3.31879e-03  1.35866e+00  2.59434e-06  2.80000e+01  0.00000e+00 
                                                                                      
generation    1.00000e+01
         sol00z       sol00en             R            tt      nemirrms       mgorank  mgoviolations 
   4.38226e-01  4.54905e-01  5.35046e-03  1.48332e+00  2.18378e-06  2.00000e+01  0.00000e+00 
   3.16442e-01  4.87629e-01  3.86142e-03  1.11363e+00  2.51072e-06  3.70000e+01  0.00000e+00 
   4.29253e-01  4.74136e-01  5.98103e-03  1.31057e+00  2.25644e-06  2.10000e+01  0.00000e+00 
   3.54797e-01  4.94697e-01  4.95313e-03  1.05099e+00  2.09239e-06  1.50000e+01  0.00000e+00 
   3.51014e-01  4.49589e-01  5.97381e-03  1.26201e+00  2.31168e-06  2.30000e+01  0.00000e+00 
   3.69133e-01  4.48660e-01  5.99513e-03  1.57832e+00  2.44078e-06  3.20000e+01  0.00000e+00 
   3.11946e-01  4.82072e-01  5.61058e-03  9.05748e-01  2.37531e-06  2.90000e+01  0.00000e+00 
   3.47401e-01  4.95176e-01  4.93218e-03  9.43960e-01  2.18324e-06  1.90000e+01  0.00000e+00 
   3.17067e-01  4.81064e-01  5.59173e-03  1.57571e+00  2.51055e-06  3.60000e+01  0.00000e+00 
   3.10858e-01  4.91658e-01  4.02587e-03  1.72344e+00  1.49256e-06  0.00000e+00  0.00000e+00 
   3.49944e-01  4.51500e-01  5.72336e-03  1.59266e+00  2.16708e-06  1.80000e+01  0.00000e+00 
   3.91811e-01  4.66400e-01  4.95112e-03  1.41764e+00  1.97689e-06  7.00000e+00  0.00000e+00 
   3.12743e-01  5.05956e-01  3.89307e-03  1.50819e+00  1.68849e-06  2.00000e+00  0.00000e+00 
   3.40000e-01  4.87629e-01  3.86142e-03  1.11363e+00  2.32872e-06  2.50000e+01  0.00000e+00 
   3.61140e-01  4.69674e-01  4.87497e-03  1.15177e+00  2.33358e-06  2.60000e+01  0.00000e+00 
   3.56573e-01  4.37709e-01  5.15093e-03  1.74012e+00  2.00195e-06  9.00000e+00  0.00000e+00 
   3.55313e-01  5.03746e-01  4.95295e-03  1.10819e+00  2.33773e-06  2.70000e+01  0.00000e+00 
   3.89473e-01  4.68635e-01  5.51826e-03  1.23918e+00  2.06838e-06  1.30000e+01  0.00000e+00 
   4.48089e-01  4.67602e-01  4.69143e-03  1.52594e+00  2.07082e-06  1.40000e+01  0.00000e+00 
   3.15921e-01  4.82072e-01  5.61058e-03  9.05748e-01  2.36896e-06  2.80000e+01  0.00000e+00 
   3.56634e-01  4.66329e-01  4.77597e-03  1.38044e+00  2.04491e-06  1.10000e+01  0.00000e+00 
   4.43617e-01  4.76174e-01  4.68802e-03  1.28171e+00  2.10877e-06  1.60000e+01  0.00000e+00 
   4.04519e-01  4.96779e-01  5.25989e-03  1.38777e+00  2.30306e-06  2.20000e+01  0.00000e+00 
   3.87294e-01  4.79666e-01  3.67509e-03  1.48162e+00  2.03991e-06  1.00000e+01  0.00000e+00 
   4.38226e-01  4.70576e-01  4.85085e-03  1.35519e+00  2.11525e-06  1.70000e+01  0.00000e+00 
   3.18391e-01  4.23024e-01  5.64341e-03  1.45115e+00  2.43782e-06  3.10000e+01  0.00000e+00 
   3.80250e-01  4.80484e-01  4.06973e-03  1.71990e+00  1.62806e-06  1.00000e+00  0.00000e+00 
   3.17067e-01  4.89809e-01  4.50381e-03  1.27865e+00  1.82011e-06  5.00000e+00  0.00000e+00 
   3.95236e-01  4.60223e-01  6.30186e-03  1.15434e+00  2.47694e-06  3.40000e+01  0.00000e+00 
   4.25003e-01  4.73182e-01  5.16348e-03  1.71973e+00  1.78335e-06  3.00000e+00  0.00000e+00 
   3.97247e-01  4.88762e-01  3.59306e-03  1.59698e+00  1.79275e-06  4.00000e+00  0.00000e+00 
   3.10858e-01  5.00027e-01  5.18275e-03  1.42656e+00  2.32011e-06  2.40000e+01  0.00000e+00 
   4.15570e-01  4.95371e-01  4.38926e-03  1.09920e+00  2.38415e-06  3.00000e+01  0.00000e+00 
   3.16442e-01  5.07578e-01  5.17884e-03  1.35586e+00  2.53532e-06  3.90000e+01  0.00000e+00 
   3.53293e-01  4.50463e-01  6.20703e-03  1.28002e+00  2.52617e-06  3.80000e+01  0.00000e+00 
   4.23371e-01  4.57573e-01  5.47717e-03  1.77942e+00  1.91701e-06  6.00000e+00  0.00000e+00 
   3.78237e-01  4.59103e-01  6.03935e-03  1.45696e+00  2.44559e-06  3.30000e+01  0.00000e+00 
   3.76063e-01  4.73476e-01  4.68947e-03  1.27712e+00  2.06694e-06  1.20000e+01  0.00000e+00 
   4.36747e-01  4.70012e-01  4.44262e-03  1.23164e+00  2.49185e-06  3.50000e+01  0.00000e+00 
   3.94805e-01  4.73807e-01  5.54706e-03  1.38992e+00  1.99373e-06  8.00000e+00  0.00000e+00 
                                                                                      
generation    1.10000e+01
         sol00z       sol00en             R            tt      nemirrms       mgorank  mgoviolations 
   3.71142e-01  4.85464e-01  5.13309e-03  1.43120e+00  1.91093e-06  1.00000e+01  0.00000e+00 
   4.48089e-01  4.64884e-01  5.61758e-03  1.47102e+00  2.04694e-06  1.90000e+01  0.00000e+00 
   4.14994e-01  4.73182e-01  5.78467e-03  1.43323e+00  2.15054e-06  3.10000e+01  0.00000e+00 
   3.36936e-01  4.86922e-01  4.95112e-03  1.41764e+00  1.82089e-06  8.00000e+00  0.00000e+00 
   3.42641e-01  4.81211e-01  5.25742e-03  1.30925e+00  1.92204e-06  1.20000e+01  0.00000e+00 
   3.76122e-01  4.80781e-01  3.65998e-03  1.66155e+00  1.79828e-06  6.00000e+00  0.00000e+00 
   3.82839e-01  4.55953e-01  5.47804e-03  1.28171e+00  2.23348e-06  3.50000e+01  0.00000e+00 
   4.14316e-01  4.57145e-01  5.72836e-03  1.64597e+00  2.08512e-06  2.40000e+01  0.00000e+00 
   3.90644e-01  4.71883e-01  5.30510e-03  1.17181e+00  2.11960e-06  2.90000e+01  0.00000e+00 
   3.94336e-01  4.80563e-01  5.52906e-03  1.57315e+00  2.14169e-06  3.00000e+01  0.00000e+00 
   3.43550e-01  4.60204e-01  5.68967e-03  1.39998e+00  2.10019e-06  2.60000e+01  0.00000e+00 
   3.76615e-01  4.57969e-01  5.63014e-03  1.60556e+00  2.04490e-06  1.70000e+01  0.00000e+00 
   3.49892e-01  4.60609e-01  5.08862e-03  1.51110e+00  1.88341e-06  9.00000e+00  0.00000e+00 
   4.43617e-01  4.76174e-01  4.86535e-03  1.29562e+00  2.05705e-06  2.00000e+01  0.00000e+00 
   4.28920e-01  4.57967e-01  4.56656e-03  1.54020e+00  2.31061e-06  3.80000e+01  0.00000e+00 
   3.99954e-01  4.81867e-01  4.51510e-03  1.63515e+00  1.67829e-06  2.00000e+00  0.00000e+00 
   4.38226e-01  4.54905e-01  5.35046e-03  1.48332e+00  2.18378e-06  3.40000e+01  0.00000e+00 
   4.29253e-01  4.74136e-01  5.98103e-03  1.31057e+00  2.25644e-06  3.60000e+01  0.00000e+00 
   3.54797e-01  4.94697e-01  4.95313e-03  1.05099e+00  2.09239e-06  2.50000e+01  0.00000e+00 
   3.51014e-01  4.49589e-01  5.97381e-03  1.26201e+00  2.31168e-06  3.90000e+01  0.00000e+00 
   3.47401e-01  4.95176e-01  4.93218e-03  9.43960e-01  2.18324e-06  3.30000e+01  0.00000e+00 
   3.10858e-01  4.91658e-01  4.02587e-03  1.72344e+00  1.49256e-06  0.00000e+00  0.00000e+00 
   3.49944e-01  4.51500e-01  5.72336e-03  1.59266e+00  2.16708e-06  3.20000e+01  0.00000e+00 
   3.91811e-01  4.66400e-01  4.95112e-03  1.41764e+00  1.97689e-06  1.30000e+01  0.00000e+00 
   3.12743e-01  5.05956e-01  3.89307e-03  1.50819e+00  1.68849e-06  3.00000e+00  0.00000e+00 
   3.56573e-01  4.37709e-01  5.15093e-03  1.74012e+00  2.00195e-06  1.50000e+01  0.00000e+00 
   3.89473e-01  4.68635e-01  5.51826e-03  1.23918e+00  2.06838e-06  2.20000e+01  0.00000e+00 
   4.48089e-01  4.67602e-01  4.69143e-03  1.52594e+00  2.07082e-06  2.30000e+01  0.00000e+00 
   3.56634e-01  4.66329e-01  4.77597e-03  1.38044e+00  2.04491e-06  1.80000e+01  0.00000e+00 
   4.43617e-01  4.76174e-01  4.68802e-03  1.28171e+00  2.10877e-06  2.70000e+01  0.00000e+00 
   4.04519e-01  4.96779e-01  5.25989e-03  1.38777e+00  2.30306e-06  3.70000e+01  0.00000e+00 
   3.87294e-01  4.79666e-01  3.67509e-03  1.48162e+00  2.03991e-06  1.60000e+01  0.00000e+00 
   4.38226e-01  4.70576e-01  4.85085e-03  1.35519e+00  2.11525e-06  2.80000e+01  0.00000e+00 
   3.80250e-01  4.80484e-01  4.06973e-03  1.71990e+00  1.62806e-06  1.00000e+00  0.00000e+00 
   3.17067e-01  4.89809e-01  4.50381e-03  1.27865e+00  1.82011e-06  7.00000e+00  0.00000e+00 
   4.25003e-01  4.73182e-01  5.16348e-03  1.71973e+00  1.78335e-06  4.00000e+00  0.00000e+00 
   3.97247e-01  4.88762e-01  3.59306e-03  1.59698e+00  1.79275e-06  5.00000e+00  0.00000e+00 
   4.23371e-01  4.57573e-01  5.47717e-03  1.77942e+00  1.91701e-06  1.10000e+01  0.00000e+00 
   3.76063e-01  4.73476e-01  4.68947e-03  1.27712e+00  2.06694e-06  2.10000e+01  0.00000e+00 
   3.94805e-01  4.73807e-01  5.54706e-03  1.38992e+00  1.99373e-06  1.40000e+01  0.00000e+00 
                                                                                      
generation    1.20000e+01
         sol00z       sol00en             R            tt      nemirrms       mgorank  mgoviolations 
   4.07205e-01  4.86645e-01  3.50212e-03  1.58000e+00  1.87168e-06  1.70000e+01  0.00000e+00 
   3.69948e-01  4.63647e-01  5.24005e-03  1.60966e+00  1.82089e-06  1.40000e+01  0.00000e+00 
   4.43652e-01  4.80557e-01  4.07033e-03  1.51238e+00  1.93236e-06  2.50000e+01  0.00000e+00 
   3.07856e-01  4.96559e-01  4.48899e-03  1.45120e+00  1.69899e-06  4.00000e+00  0.00000e+00 
   4.01576e-01  4.76326e-01  5.34119e-03  1.66384e+00  1.92266e-06  2.40000e+01  0.00000e+00 
   4.07814e-01  4.70282e-01  4.89519e-03  1.42538e+00  1.93627e-06  2.60000e+01  0.00000e+00 
   3.72074e-01  4.63728e-01  5.09831e-03  1.60421e+00  1.79401e-06  1.00000e+01  0.00000e+00 
   3.91811e-01  4.87456e-01  4.95112e-03  1.08435e+00  2.06641e-06  3.80000e+01  0.00000e+00 
   4.49574e-01  4.74309e-01  3.96628e-03  1.67316e+00  1.99653e-06  3.00000e+01  0.00000e+00 
   3.62124e-01  4.84441e-01  4.95000e-03  1.24706e+00  1.89584e-06  1.90000e+01  0.00000e+00 
   3.47401e-01  4.80906e-01  5.09271e-03  1.31931e+00  1.86372e-06  1.60000e+01  0.00000e+00 
   3.84515e-01  4.67590e-01  5.40950e-03  1.56762e+00  1.89777e-06  2.00000e+01  0.00000e+00 
   3.66189e-01  4.87676e-01  5.11758e-03  1.50407e+00  1.95336e-06  2.70000e+01  0.00000e+00 
   3.70768e-01  4.66329e-01  4.77597e-03  1.38044e+00  2.05689e-06  3.60000e+01  0.00000e+00 
   3.98614e-01  4.89286e-01  3.73299e-03  1.60778e+00  1.76347e-06  6.00000e+00  0.00000e+00 
   4.02914e-01  4.83903e-01  4.31500e-03  1.39809e+00  1.84316e-06  1.50000e+01  0.00000e+00 
   3.69393e-01  4.87629e-01  4.61778e-03  1.51611e+00  1.73512e-06  5.00000e+00  0.00000e+00 
   3.78237e-01  4.90237e-01  4.26240e-03  1.45966e+00  1.76706e-06  7.00000e+00  0.00000e+00 
   3.71142e-01  4.85464e-01  5.13309e-03  1.43120e+00  1.91093e-06  2.10000e+01  0.00000e+00 
   4.48089e-01  4.64884e-01  5.61758e-03  1.47102e+00  2.04694e-06  3.50000e+01  0.00000e+00 
   3.36936e-01  4.86922e-01  4.95112e-03  1.41764e+00  1.82089e-06  1.30000e+01  0.00000e+00 
   3.42641e-01  4.81211e-01  5.25742e-03  1.30925e+00  1.92204e-06  2.30000e+01  0.00000e+00 
   3.76122e-01  4.80781e-01  3.65998e-03  1.66155e+00  1.79828e-06  1.10000e+01  0.00000e+00 
   3.76615e-01  4.57969e-01  5.63014e-03  1.60556e+00  2.04490e-06  3.30000e+01  0.00000e+00 
   3.49892e-01  4.60609e-01  5.08862e-03  1.51110e+00  1.88341e-06  1.80000e+01  0.00000e+00 
   4.43617e-01  4.76174e-01  4.86535e-03  1.29562e+00  2.05705e-06  3.70000e+01  0.00000e+00 
   3.99954e-01  4.81867e-01  4.51510e-03  1.63515e+00  1.67829e-06  2.00000e+00  0.00000e+00 
   3.10858e-01  4.91658e-01  4.02587e-03  1.72344e+00  1.49256e-06  0.00000e+00  0.00000e+00 
   3.91811e-01  4.66400e-01  4.95112e-03  1.41764e+00  1.97689e-06  2.80000e+01  0.00000e+00 
   3.12743e-01  5.05956e-01  3.89307e-03  1.50819e+00  1.68849e-06  3.00000e+00  0.00000e+00 
   3.56573e-01  4.37709e-01  5.15093e-03  1.74012e+00  2.00195e-06  3.10000e+01  0.00000e+00 
   3.56634e-01  4.66329e-01  4.77597e-03  1.38044e+00  2.04491e-06  3.40000e+01  0.00000e+00 
   3.87294e-01  4.79666e-01  3.67509e-03  1.48162e+00  2.03991e-06  3.20000e+01  0.00000e+00 
   3.80250e-01  4.80484e-01  4.06973e-03  1.71990e+00  1.62806e-06  1.00000e+00  0.00000e+00 
   3.17067e-01  4.89809e-01  4.50381e-03  1.27865e+00  1.82011e-06  1.20000e+01  0.00000e+00 
   4.25003e-01  4.73182e-01  5.16348e-03  1.71973e+00  1.78335e-06  8.00000e+00  0.00000e+00 
   3.97247e-01  4.88762e-01  3.59306e-03  1.59698e+00  1.79275e-06  9.00000e+00  0.00000e+00 
   4.23371e-01  4.57573e-01  5.47717e-03  1.77942e+00  1.91701e-06  2.20000e+01  0.00000e+00 
   3.76063e-01  4.73476e-01  4.68947e-03  1.27712e+00  2.06694e-06  3.90000e+01  0.00000e+00 
   3.94805e-01  4.73807e-01  5.54706e-03  1.38992e+00  1.99373e-06  2.90000e+01  0.00000e+00 
                                                                                      
generation    1.30000e+01
         sol00z       sol00en             R            tt      nemirrms       mgorank  mgoviolations 
   4.09610e-01  4.62092e-01  5.25275e-03  1.60872e+00  1.86393e-06  2.80000e+01  0.00000e+00 
   3.89980e-01  4.64602e-01  4.77149e-03  1.74084e+00  1.72077e-06  1.20000e+01  0.00000e+00 
   4.33692e-01  4.80210e-01  4.54231e-03  1.50322e+00  1.82558e-06  2.50000e+01  0.00000e+00 
   3.31792e-01  4.95814e-01  3.63841e-03  1.54859e+00  1.64685e-06  5.00000e+00  0.00000e+00 
   3.97484e-01  4.92905e-01  3.77964e-03  1.51238e+00  1.87902e-06  3.00000e+01  0.00000e+00 
   3.69403e-01  4.88116e-01  4.34803e-03  1.50300e+00  1.70793e-06  1.10000e+01  0.00000e+00 
   3.56891e-01  4.85464e-01  3.60524e-03  1.59949e+00  1.76906e-06  1.70000e+01  0.00000e+00 
   3.69420e-01  4.94370e-01  3.65850e-03  1.55127e+00  1.74794e-06  1.40000e+01  0.00000e+00 
   4.10843e-01  4.72912e-01  4.01754e-03  1.64493e+00  1.91928e-06  3.60000e+01  0.00000e+00 
   3.38507e-01  4.92866e-01  3.47898e-03  1.71990e+00  1.58072e-06  1.00000e+00  0.00000e+00 
   3.67679e-01  4.91395e-01  3.99129e-03  1.76350e+00  1.58855e-06  2.00000e+00  0.00000e+00 
   3.56634e-01  4.82046e-01  4.26925e-03  1.60014e+00  1.64301e-06  4.00000e+00  0.00000e+00 
   4.13129e-01  4.76543e-01  4.19599e-03  1.75003e+00  1.68805e-06  8.00000e+00  0.00000e+00 
   3.99103e-01  4.81485e-01  4.45269e-03  1.62299e+00  1.68106e-06  7.00000e+00  0.00000e+00 
   3.91803e-01  4.64078e-01  4.83556e-03  1.51954e+00  1.93040e-06  3.90000e+01  0.00000e+00 
   4.07205e-01  4.86645e-01  3.50212e-03  1.58000e+00  1.87168e-06  2.90000e+01  0.00000e+00 
   3.69948e-01  4.63647e-01  5.24005e-03  1.60966e+00  1.82089e-06  2.40000e+01  0.00000e+00 
   3.07856e-01  4.96559e-01  4.48899e-03  1.45120e+00  1.69899e-06  1.00000e+01  0.00000e+00 
   4.01576e-01  4.76326e-01  5.34119e-03  1.66384e+00  1.92266e-06  3.80000e+01  0.00000e+00 
   3.72074e-01  4.63728e-01  5.09831e-03  1.60421e+00  1.79401e-06  2.00000e+01  0.00000e+00 
   3.62124e-01  4.84441e-01  4.95000e-03  1.24706e+00  1.89584e-06  3.20000e+01  0.00000e+00 
   3.47401e-01  4.80906e-01  5.09271e-03  1.31931e+00  1.86372e-06  2.70000e+01  0.00000e+00 
   3.84515e-01  4.67590e-01  5.40950e-03  1.56762e+00  1.89777e-06  3.30000e+01  0.00000e+00 
   3.98614e-01  4.89286e-01  3.73299e-03  1.60778e+00  1.76347e-06  1.50000e+01  0.00000e+00 
   4.02914e-01  4.83903e-01  4.31500e-03  1.39809e+00  1.84316e-06  2.60000e+01  0.00000e+00 
   3.69393e-01  4.87629e-01  4.61778e-03  1.51611e+00  1.73512e-06  1.30000e+01  0.00000e+00 
   3.78237e-01  4.90237e-01  4.26240e-03  1.45966e+00  1.76706e-06  1.60000e+01  0.00000e+00 
   3.71142e-01  4.85464e-01  5.13309e-03  1.43120e+00  1.91093e-06  3.40000e+01  0.00000e+00 
   3.36936e-01  4.86922e-01  4.95112e-03  1.41764e+00  1.82089e-06  2.30000e+01  0.00000e+00 
   3.42641e-01  4.81211e-01  5.25742e-03  1.30925e+00  1.92204e-06  3.70000e+01  0.00000e+00 
   3.76122e-01  4.80781e-01  3.65998e-03  1.66155e+00  1.79828e-06  2.10000e+01  0.00000e+00 
   3.49892e-01  4.60609e-01  5.08862e-03  1.51110e+00  1.88341e-06  3.10000e+01  0.00000e+00 
   3.99954e-01  4.81867e-01  4.51510e-03  1.63515e+00  1.67829e-06  6.00000e+00  0.00000e+00 
   3.10858e-01  4.91658e-01  4.02587e-03  1.72344e+00  1.49256e-06  0.00000e+00  0.00000e+00 
   3.12743e-01  5.05956e-01  3.89307e-03  1.50819e+00  1.68849e-06  9.00000e+00  0.00000e+00 
   3.80250e-01  4.80484e-01  4.06973e-03  1.71990e+00  1.62806e-06  3.00000e+00  0.00000e+00 
   3.17067e-01  4.89809e-01  4.50381e-03  1.27865e+00  1.82011e-06  2.20000e+01  0.00000e+00 
   4.25003e-01  4.73182e-01  5.16348e-03  1.71973e+00  1.78335e-06  1.80000e+01  0.00000e+00 
   3.97247e-01  4.88762e-01  3.59306e-03  1.59698e+00  1.79275e-06  1.90000e+01  0.00000e+00 
   4.23371e-01  4.57573e-01  5.47717e-03  1.77942e+00  1.91701e-06  3.50000e+01  0.00000e+00 
                                                                                      
generation    1.40000e+01
         sol00z       sol00en             R            tt      nemirrms       mgorank  mgoviolations 
   3.14910e-01  4.97604e-01  4.62176e-03  1.30361e+00  1.81647e-06  3.20000e+01  0.00000e+00 
   3.67034e-01  4.76668e-01  4.81179e-03  1.75884e+00  1.65003e-06  6.00000e+00  0.00000e+00 
   3.83960e-01  4.87361e-01  4.63138e-03  1.73055e+00  1.70644e-06  1.40000e+01  0.00000e+00 
   3.05226e-01  5.15160e-01  3.01730e-03  1.42749e+00  1.83363e-06  3.90000e+01  0.00000e+00 
   3.85823e-01  4.83462e-01  4.08388e-03  1.52174e+00  1.75207e-06  2.10000e+01  0.00000e+00 
   3.68472e-01  4.81989e-01  3.78097e-03  1.64493e+00  1.73143e-06  1.80000e+01  0.00000e+00 
   3.77298e-01  4.73323e-01  5.09271e-03  1.66253e+00  1.75927e-06  2.20000e+01  0.00000e+00 
   4.43737e-01  4.76160e-01  4.47179e-03  1.76126e+00  1.71978e-06  1.60000e+01  0.00000e+00 
   4.19108e-01  4.77320e-01  4.81032e-03  1.71884e+00  1.69516e-06  1.20000e+01  0.00000e+00 
   3.89173e-01  4.85764e-01  4.08127e-03  1.44683e+00  1.79926e-06  3.10000e+01  0.00000e+00 
   4.26455e-01  4.85016e-01  4.31228e-03  1.53769e+00  1.79609e-06  2.90000e+01  0.00000e+00 
   4.07814e-01  4.72583e-01  4.70895e-03  1.53167e+00  1.82163e-06  3.60000e+01  0.00000e+00 
   4.13420e-01  4.85486e-01  3.76455e-03  1.57084e+00  1.82340e-06  3.70000e+01  0.00000e+00 
   3.20566e-01  5.05730e-01  3.83114e-03  1.64311e+00  1.66665e-06  7.00000e+00  0.00000e+00 
   3.89980e-01  4.64602e-01  4.77149e-03  1.74084e+00  1.72077e-06  1.70000e+01  0.00000e+00 
   4.33692e-01  4.80210e-01  4.54231e-03  1.50322e+00  1.82558e-06  3.80000e+01  0.00000e+00 
   3.31792e-01  4.95814e-01  3.63841e-03  1.54859e+00  1.64685e-06  5.00000e+00  0.00000e+00 
   3.69403e-01  4.88116e-01  4.34803e-03  1.50300e+00  1.70793e-06  1.50000e+01  0.00000e+00 
   3.56891e-01  4.85464e-01  3.60524e-03  1.59949e+00  1.76906e-06  2.50000e+01  0.00000e+00 
   3.69420e-01  4.94370e-01  3.65850e-03  1.55127e+00  1.74794e-06  2.00000e+01  0.00000e+00 
   3.38507e-01  4.92866e-01  3.47898e-03  1.71990e+00  1.58072e-06  1.00000e+00  0.00000e+00 
   3.67679e-01  4.91395e-01  3.99129e-03  1.76350e+00  1.58855e-06  2.00000e+00  0.00000e+00 
   3.56634e-01  4.82046e-01  4.26925e-03  1.60014e+00  1.64301e-06  4.00000e+00  0.00000e+00 
   4.13129e-01  4.76543e-01  4.19599e-03  1.75003e+00  1.68805e-06  1.00000e+01  0.00000e+00 
   3.99103e-01  4.81485e-01  4.45269e-03  1.62299e+00  1.68106e-06  9.00000e+00  0.00000e+00 
   3.69948e-01  4.63647e-01  5.24005e-03  1.60966e+00  1.82089e-06  3.50000e+01  0.00000e+00 
   3.07856e-01  4.96559e-01  4.48899e-03  1.45120e+00  1.69899e-06  1.30000e+01  0.00000e+00 
   3.72074e-01  4.63728e-01  5.09831e-03  1.60421e+00  1.79401e-06  2.80000e+01  0.00000e+00 
   3.98614e-01  4.89286e-01  3.73299e-03  1.60778e+00  1.76347e-06  2.30000e+01  0.00000e+00 
   3.69393e-01  4.87629e-01  4.61778e-03  1.51611e+00  1.73512e-06  1.90000e+01  0.00000e+00 
   3.78237e-01  4.90237e-01  4.26240e-03  1.45966e+00  1.76706e-06  2.40000e+01  0.00000e+00 
   3.36936e-01  4.86922e-01  4.95112e-03  1.41764e+00  1.82089e-06  3.40000e+01  0.00000e+00 
   3.76122e-01  4.80781e-01  3.65998e-03  1.66155e+00  1.79828e-06  3.00000e+01  0.00000e+00 
   3.99954e-01  4.81867e-01  4.51510e-03  1.63515e+00  1.67829e-06  8.00000e+00  0.00000e+00 
   3.10858e-01  4.91658e-01  4.02587e-03  1.72344e+00  1.49256e-06  0.00000e+00  0.00000e+00 
   3.12743e-01  5.05956e-01  3.89307e-03  1.50819e+00  1.68849e-06  1.10000e+01  0.00000e+00 
   3.80250e-01  4.80484e-01  4.06973e-03  1.71990e+00  1.62806e-06  3.00000e+00  0.00000e+00 
   3.17067e-01  4.89809e-01  4.50381e-03  1.27865e+00  1.82011e-06  3.30000e+01  0.00000e+00 
   4.25003e-01  4.73182e-01  5.16348e-03  1.71973e+00  1.78335e-06  2.60000e+01  0.00000e+00 
   3.97247e-01  4.88762e-01  3.59306e-03  1.59698e+00  1.79275e-06  2.70000e+01  0.00000e+00 
                                                                                      
generation    1.50000e+01
         sol00z       sol00en             R            tt      nemirrms       mgorank  mgoviolations 
   3.47536e-01  4.93247e-01  3.77848e-03  1.55926e+00  1.65361e-06  9.00000e+00  0.00000e+00 
   3.45312e-01  4.98916e-01  4.18718e-03  1.65521e+00  1.72060e-06  2.30000e+01  0.00000e+00 
   3.68883e-01  4.87399e-01  4.58033e-03  1.50881e+00  1.72636e-06  2.50000e+01  0.00000e+00 
   3.54556e-01  4.94734e-01  4.26597e-03  1.64787e+00  1.68599e-06  1.50000e+01  0.00000e+00 
   3.27397e-01  4.78449e-01  4.07350e-03  1.60421e+00  1.75564e-06  3.10000e+01  0.00000e+00 
   3.55797e-01  4.77201e-01  3.82112e-03  1.68367e+00  1.79031e-06  3.90000e+01  0.00000e+00 
   3.26692e-01  4.81995e-01  4.88416e-03  1.79061e+00  1.76816e-06  3.50000e+01  0.00000e+00 
   3.18366e-01  4.93249e-01  4.47154e-03  1.66554e+00  1.63807e-06  5.00000e+00  0.00000e+00 
   3.73543e-01  4.78354e-01  4.57767e-03  1.76175e+00  1.59514e-06  3.00000e+00  0.00000e+00 
   3.72270e-01  4.77655e-01  3.90097e-03  1.64480e+00  1.78610e-06  3.80000e+01  0.00000e+00 
   3.60475e-01  4.92400e-01  3.80960e-03  1.60392e+00  1.65362e-06  1.00000e+01  0.00000e+00 
   3.08676e-01  4.96873e-01  4.57294e-03  1.45768e+00  1.73578e-06  2.80000e+01  0.00000e+00 
   3.21051e-01  5.00592e-01  4.20402e-03  1.56928e+00  1.67985e-06  1.30000e+01  0.00000e+00 
   3.67034e-01  4.76668e-01  4.81179e-03  1.75884e+00  1.65003e-06  8.00000e+00  0.00000e+00 
   3.83960e-01  4.87361e-01  4.63138e-03  1.73055e+00  1.70644e-06  2.00000e+01  0.00000e+00 
   3.85823e-01  4.83462e-01  4.08388e-03  1.52174e+00  1.75207e-06  3.00000e+01  0.00000e+00 
   3.68472e-01  4.81989e-01  3.78097e-03  1.64493e+00  1.73143e-06  2.60000e+01  0.00000e+00 
   3.77298e-01  4.73323e-01  5.09271e-03  1.66253e+00  1.75927e-06  3.20000e+01  0.00000e+00 
   4.43737e-01  4.76160e-01  4.47179e-03  1.76126e+00  1.71978e-06  2.20000e+01  0.00000e+00 
   4.19108e-01  4.77320e-01  4.81032e-03  1.71884e+00  1.69516e-06  1.80000e+01  0.00000e+00 
   3.20566e-01  5.05730e-01  3.83114e-03  1.64311e+00  1.66665e-06  1.10000e+01  0.00000e+00 
   3.89980e-01  4.64602e-01  4.77149e-03  1.74084e+00  1.72077e-06  2.40000e+01  0.00000e+00 
   3.31792e-01  4.95814e-01  3.63841e-03  1.54859e+00  1.64685e-06  7.00000e+00  0.00000e+00 
   3.69403e-01  4.88116e-01  4.34803e-03  1.50300e+00  1.70793e-06  2.10000e+01  0.00000e+00 
   3.56891e-01  4.85464e-01  3.60524e-03  1.59949e+00  1.76906e-06  3.60000e+01  0.00000e+00 
   3.69420e-01  4.94370e-01  3.65850e-03  1.55127e+00  1.74794e-06  2.90000e+01  0.00000e+00 
   3.38507e-01  4.92866e-01  3.47898e-03  1.71990e+00  1.58072e-06  1.00000e+00  0.00000e+00 
   3.67679e-01  4.91395e-01  3.99129e-03  1.76350e+00  1.58855e-06  2.00000e+00  0.00000e+00 
   3.56634e-01  4.82046e-01  4.26925e-03  1.60014e+00  1.64301e-06  6.00000e+00  0.00000e+00 
   4.13129e-01  4.76543e-01  4.19599e-03  1.75003e+00  1.68805e-06  1.60000e+01  0.00000e+00 
   3.99103e-01  4.81485e-01  4.45269e-03  1.62299e+00  1.68106e-06  1.40000e+01  0.00000e+00 
   3.07856e-01  4.96559e-01  4.48899e-03  1.45120e+00  1.69899e-06  1.90000e+01  0.00000e+00 
   3.98614e-01  4.89286e-01  3.73299e-03  1.60778e+00  1.76347e-06  3.30000e+01  0.00000e+00 
   3.69393e-01  4.87629e-01  4.61778e-03  1.51611e+00  1.73512e-06  2.70000e+01  0.00000e+00 
   3.78237e-01  4.90237e-01  4.26240e-03  1.45966e+00  1.76706e-06  3.40000e+01  0.00000e+00 
   3.99954e-01  4.81867e-01  4.51510e-03  1.63515e+00  1.67829e-06  1.20000e+01  0.00000e+00 
   3.10858e-01  4.91658e-01  4.02587e-03  1.72344e+00  1.49256e-06  0.00000e+00  0.00000e+00 
   3.12743e-01  5.05956e-01  3.89307e-03  1.50819e+00  1.68849e-06  1.70000e+01  0.00000e+00 
   3.80250e-01  4.80484e-01  4.06973e-03  1.71990e+00  1.62806e-06  4.00000e+00  0.00000e+00 
   4.25003e-01  4.73182e-01  5.16348e-03  1.71973e+00  1.78335e-06  3.70000e+01  0.00000e+00 
                                                                                      
generation    1.60000e+01
         sol00z       sol00en             R            tt      nemirrms       mgorank  mgoviolations 
   3.89078e-01  4.88360e-01  4.04093e-03  1.70701e+00  1.64279e-06  9.00000e+00  0.00000e+00 
   3.38005e-01  4.89959e-01  3.21010e-03  1.77002e+00  1.69670e-06  2.70000e+01  0.00000e+00 
   3.25859e-01  4.85578e-01  4.35282e-03  1.49755e+00  1.66678e-06  1.60000e+01  0.00000e+00 
   3.55797e-01  4.82038e-01  4.14119e-03  1.71546e+00  1.57733e-06  1.00000e+00  0.00000e+00 
   3.64563e-01  4.84335e-01  3.82401e-03  1.60392e+00  1.70864e-06  3.30000e+01  0.00000e+00 
   4.26502e-01  4.75353e-01  4.28450e-03  1.77988e+00  1.69743e-06  2.80000e+01  0.00000e+00 
   3.27397e-01  4.80748e-01  4.35732e-03  1.51893e+00  1.70531e-06  3.00000e+01  0.00000e+00 
   4.15470e-01  4.84761e-01  4.37570e-03  1.68903e+00  1.68664e-06  2.20000e+01  0.00000e+00 
   3.73543e-01  4.86186e-01  3.66399e-03  1.62324e+00  1.71713e-06  3.50000e+01  0.00000e+00 
   3.10920e-01  4.98743e-01  3.72367e-03  1.52469e+00  1.61745e-06  6.00000e+00  0.00000e+00 
   3.97809e-01  4.86162e-01  4.45269e-03  1.63796e+00  1.69484e-06  2.50000e+01  0.00000e+00 
   4.16257e-01  4.80049e-01  4.59827e-03  1.61145e+00  1.72000e-06  3.70000e+01  0.00000e+00 
   3.83960e-01  4.79096e-01  4.36097e-03  1.57078e+00  1.71278e-06  3.40000e+01  0.00000e+00 
   4.22842e-01  4.84138e-01  4.37307e-03  1.74416e+00  1.67112e-06  1.70000e+01  0.00000e+00 
   3.36355e-01  4.90251e-01  3.83441e-03  1.60772e+00  1.61266e-06  5.00000e+00  0.00000e+00 
   3.47536e-01  4.93247e-01  3.77848e-03  1.55926e+00  1.65361e-06  1.30000e+01  0.00000e+00 
   3.45312e-01  4.98916e-01  4.18718e-03  1.65521e+00  1.72060e-06  3.80000e+01  0.00000e+00 
   3.54556e-01  4.94734e-01  4.26597e-03  1.64787e+00  1.68599e-06  2.10000e+01  0.00000e+00 
   3.18366e-01  4.93249e-01  4.47154e-03  1.66554e+00  1.63807e-06  8.00000e+00  0.00000e+00 
   3.73543e-01  4.78354e-01  4.57767e-03  1.76175e+00  1.59514e-06  4.00000e+00  0.00000e+00 
   3.60475e-01  4.92400e-01  3.80960e-03  1.60392e+00  1.65362e-06  1.40000e+01  0.00000e+00 
   3.21051e-01  5.00592e-01  4.20402e-03  1.56928e+00  1.67985e-06  1.90000e+01  0.00000e+00 
   3.67034e-01  4.76668e-01  4.81179e-03  1.75884e+00  1.65003e-06  1.20000e+01  0.00000e+00 
   3.83960e-01  4.87361e-01  4.63138e-03  1.73055e+00  1.70644e-06  3.10000e+01  0.00000e+00 
   4.43737e-01  4.76160e-01  4.47179e-03  1.76126e+00  1.71978e-06  3.60000e+01  0.00000e+00 
   4.19108e-01  4.77320e-01  4.81032e-03  1.71884e+00  1.69516e-06  2.60000e+01  0.00000e+00 
   3.20566e-01  5.05730e-01  3.83114e-03  1.64311e+00  1.66665e-06  1.50000e+01  0.00000e+00 
   3.89980e-01  4.64602e-01  4.77149e-03  1.74084e+00  1.72077e-06  3.90000e+01  0.00000e+00 
   3.31792e-01  4.95814e-01  3.63841e-03  1.54859e+00  1.64685e-06  1.10000e+01  0.00000e+00 
   3.69403e-01  4.88116e-01  4.34803e-03  1.50300e+00  1.70793e-06  3.20000e+01  0.00000e+00 
   3.38507e-01  4.92866e-01  3.47898e-03  1.71990e+00  1.58072e-06  2.00000e+00  0.00000e+00 
   3.67679e-01  4.91395e-01  3.99129e-03  1.76350e+00  1.58855e-06  3.00000e+00  0.00000e+00 
   3.56634e-01  4.82046e-01  4.26925e-03  1.60014e+00  1.64301e-06  1.00000e+01  0.00000e+00 
   4.13129e-01  4.76543e-01  4.19599e-03  1.75003e+00  1.68805e-06  2.30000e+01  0.00000e+00 
   3.99103e-01  4.81485e-01  4.45269e-03  1.62299e+00  1.68106e-06  2.00000e+01  0.00000e+00 
   3.07856e-01  4.96559e-01  4.48899e-03  1.45120e+00  1.69899e-06  2.90000e+01  0.00000e+00 
   3.99954e-01  4.81867e-01  4.51510e-03  1.63515e+00  1.67829e-06  1.80000e+01  0.00000e+00 
   3.10858e-01  4.91658e-01  4.02587e-03  1.72344e+00  1.49256e-06  0.00000e+00  0.00000e+00 
   3.12743e-01  5.05956e-01  3.89307e-03  1.50819e+00  1.68849e-06  2.40000e+01  0.00000e+00 
   3.80250e-01  4.80484e-01  4.06973e-03  1.71990e+00  1.62806e-06  7.00000e+00  0.00000e+00 
                                                                                      
generation    1.70000e+01
         sol00z       sol00en             R            tt      nemirrms       mgorank  mgoviolations 
   3.84191e-01  4.88360e-01  4.28071e-03  1.67412e+00  1.65745e-06  2.90000e+01  0.00000e+00 
   3.17114e-01  4.80748e-01  4.04987e-03  1.68924e+00  1.63351e-06  1.70000e+01  0.00000e+00 
   3.47060e-01  4.85217e-01  4.45269e-03  1.57777e+00  1.63391e-06  1.80000e+01  0.00000e+00 
   3.70585e-01  4.75268e-01  4.53797e-03  1.73247e+00  1.60940e-06  1.10000e+01  0.00000e+00 
   3.25482e-01  4.91716e-01  3.26125e-03  1.75568e+00  1.66402e-06  3.50000e+01  0.00000e+00 
   3.34986e-01  4.85121e-01  4.35282e-03  1.65234e+00  1.57689e-06  4.00000e+00  0.00000e+00 
   3.85157e-01  4.85176e-01  4.15056e-03  1.65483e+00  1.64364e-06  2.30000e+01  0.00000e+00 
   3.34187e-01  4.94678e-01  3.73033e-03  1.68009e+00  1.55433e-06  1.00000e+00  0.00000e+00 
   3.89614e-01  4.87724e-01  3.80960e-03  1.69158e+00  1.66257e-06  3.20000e+01  0.00000e+00 
   3.62611e-01  4.77042e-01  4.81337e-03  1.72576e+00  1.65593e-06  2.80000e+01  0.00000e+00 
   3.66007e-01  4.91090e-01  3.82307e-03  1.76210e+00  1.57504e-06  3.00000e+00  0.00000e+00 
   3.73460e-01  4.81970e-01  4.29075e-03  1.68333e+00  1.60739e-06  1.00000e+01  0.00000e+00 
   3.12549e-01  4.88116e-01  4.14370e-03  1.51167e+00  1.66339e-06  3.40000e+01  0.00000e+00 
   3.66445e-01  4.77893e-01  4.27505e-03  1.73052e+00  1.59894e-06  9.00000e+00  0.00000e+00 
   3.38771e-01  4.83383e-01  4.37259e-03  1.71416e+00  1.55532e-06  2.00000e+00  0.00000e+00 
   3.31510e-01  4.91643e-01  4.25233e-03  1.47198e+00  1.66585e-06  3.60000e+01  0.00000e+00 
   3.81018e-01  4.77107e-01  4.48148e-03  1.64527e+00  1.66113e-06  3.10000e+01  0.00000e+00 
   3.75307e-01  4.91359e-01  4.13187e-03  1.66846e+00  1.66277e-06  3.30000e+01  0.00000e+00 
   3.88013e-01  4.79975e-01  4.08840e-03  1.74670e+00  1.62239e-06  1.50000e+01  0.00000e+00 
   3.58364e-01  4.81448e-01  4.18765e-03  1.66883e+00  1.61109e-06  1.20000e+01  0.00000e+00 
   3.93812e-01  4.84568e-01  4.57767e-03  1.74179e+00  1.65941e-06  3.00000e+01  0.00000e+00 
   3.78117e-01  4.87976e-01  4.02884e-03  1.65353e+00  1.64087e-06  2.00000e+01  0.00000e+00 
   3.89078e-01  4.88360e-01  4.04093e-03  1.70701e+00  1.64279e-06  2.10000e+01  0.00000e+00 
   3.25859e-01  4.85578e-01  4.35282e-03  1.49755e+00  1.66678e-06  3.80000e+01  0.00000e+00 
   3.55797e-01  4.82038e-01  4.14119e-03  1.71546e+00  1.57733e-06  5.00000e+00  0.00000e+00 
   3.10920e-01  4.98743e-01  3.72367e-03  1.52469e+00  1.61745e-06  1.40000e+01  0.00000e+00 
   4.22842e-01  4.84138e-01  4.37307e-03  1.74416e+00  1.67112e-06  3.90000e+01  0.00000e+00 
   3.36355e-01  4.90251e-01  3.83441e-03  1.60772e+00  1.61266e-06  1.30000e+01  0.00000e+00 
   3.47536e-01  4.93247e-01  3.77848e-03  1.55926e+00  1.65361e-06  2.60000e+01  0.00000e+00 
   3.18366e-01  4.93249e-01  4.47154e-03  1.66554e+00  1.63807e-06  1.90000e+01  0.00000e+00 
   3.73543e-01  4.78354e-01  4.57767e-03  1.76175e+00  1.59514e-06  8.00000e+00  0.00000e+00 
   3.60475e-01  4.92400e-01  3.80960e-03  1.60392e+00  1.65362e-06  2.70000e+01  0.00000e+00 
   3.67034e-01  4.76668e-01  4.81179e-03  1.75884e+00  1.65003e-06  2.50000e+01  0.00000e+00 
   3.20566e-01  5.05730e-01  3.83114e-03  1.64311e+00  1.66665e-06  3.70000e+01  0.00000e+00 
   3.31792e-01  4.95814e-01  3.63841e-03  1.54859e+00  1.64685e-06  2.40000e+01  0.00000e+00 
   3.38507e-01  4.92866e-01  3.47898e-03  1.71990e+00  1.58072e-06  6.00000e+00  0.00000e+00 
   3.67679e-01  4.91395e-01  3.99129e-03  1.76350e+00  1.58855e-06  7.00000e+00  0.00000e+00 
   3.56634e-01  4.82046e-01  4.26925e-03  1.60014e+00  1.64301e-06  2.20000e+01  0.00000e+00 
   3.10858e-01  4.91658e-01  4.02587e-03  1.72344e+00  1.49256e-06  0.00000e+00  0.00000e+00 
   3.80250e-01  4.80484e-01  4.06973e-03  1.71990e+00  1.62806e-06  1.60000e+01  0.00000e+00 
                                                                                      
generation    1.80000e+01
         sol00z       sol00en             R            tt      nemirrms       mgorank  mgoviolations 
   3.76181e-01  4.89218e-01  4.37259e-03  1.74662e+00  1.64237e-06  2.80000e+01  0.00000e+00 
   3.45150e-01  4.84249e-01  3.87930e-03  1.68768e+00  1.61405e-06  1.60000e+01  0.00000e+00 
   3.25823e-01  4.76592e-01  4.69219e-03  1.74515e+00  1.60612e-06  1.10000e+01  0.00000e+00 
   3.92791e-01  4.88554e-01  4.13187e-03  1.72106e+00  1.64914e-06  3.40000e+01  0.00000e+00 
   3.55183e-01  4.89008e-01  3.72589e-03  1.69566e+00  1.59671e-06  9.00000e+00  0.00000e+00 
   3.57073e-01  4.79879e-01  4.40091e-03  1.60152e+00  1.64861e-06  3.30000e+01  0.00000e+00 
   3.38183e-01  4.93302e-01  4.27712e-03  1.62638e+00  1.62295e-06  2.10000e+01  0.00000e+00 
   3.71042e-01  4.80112e-01  4.70957e-03  1.71990e+00  1.64168e-06  2.70000e+01  0.00000e+00 
   3.29785e-01  4.95180e-01  4.21179e-03  1.60995e+00  1.61454e-06  1.70000e+01  0.00000e+00 
   3.25078e-01  4.99974e-01  3.97669e-03  1.52931e+00  1.65325e-06  3.60000e+01  0.00000e+00 
   3.56634e-01  4.74104e-01  4.26925e-03  1.75933e+00  1.61491e-06  1.80000e+01  0.00000e+00 
   3.17114e-01  4.80748e-01  4.04987e-03  1.68924e+00  1.63351e-06  2.30000e+01  0.00000e+00 
   3.47060e-01  4.85217e-01  4.45269e-03  1.57777e+00  1.63391e-06  2.40000e+01  0.00000e+00 
   3.70585e-01  4.75268e-01  4.53797e-03  1.73247e+00  1.60940e-06  1.30000e+01  0.00000e+00 
   3.34986e-01  4.85121e-01  4.35282e-03  1.65234e+00  1.57689e-06  4.00000e+00  0.00000e+00 
   3.85157e-01  4.85176e-01  4.15056e-03  1.65483e+00  1.64364e-06  3.10000e+01  0.00000e+00 
   3.34187e-01  4.94678e-01  3.73033e-03  1.68009e+00  1.55433e-06  1.00000e+00  0.00000e+00 
   3.62611e-01  4.77042e-01  4.81337e-03  1.72576e+00  1.65593e-06  3.90000e+01  0.00000e+00 
   3.66007e-01  4.91090e-01  3.82307e-03  1.76210e+00  1.57504e-06  3.00000e+00  0.00000e+00 
   3.73460e-01  4.81970e-01  4.29075e-03  1.68333e+00  1.60739e-06  1.20000e+01  0.00000e+00 
   3.66445e-01  4.77893e-01  4.27505e-03  1.73052e+00  1.59894e-06  1.00000e+01  0.00000e+00 
   3.38771e-01  4.83383e-01  4.37259e-03  1.71416e+00  1.55532e-06  2.00000e+00  0.00000e+00 
   3.88013e-01  4.79975e-01  4.08840e-03  1.74670e+00  1.62239e-06  2.00000e+01  0.00000e+00 
   3.58364e-01  4.81448e-01  4.18765e-03  1.66883e+00  1.61109e-06  1.40000e+01  0.00000e+00 
   3.78117e-01  4.87976e-01  4.02884e-03  1.65353e+00  1.64087e-06  2.60000e+01  0.00000e+00 
   3.89078e-01  4.88360e-01  4.04093e-03  1.70701e+00  1.64279e-06  2.90000e+01  0.00000e+00 
   3.55797e-01  4.82038e-01  4.14119e-03  1.71546e+00  1.57733e-06  5.00000e+00  0.00000e+00 
   3.10920e-01  4.98743e-01  3.72367e-03  1.52469e+00  1.61745e-06  1.90000e+01  0.00000e+00 
   3.36355e-01  4.90251e-01  3.83441e-03  1.60772e+00  1.61266e-06  1.50000e+01  0.00000e+00 
   3.47536e-01  4.93247e-01  3.77848e-03  1.55926e+00  1.65361e-06  3.70000e+01  0.00000e+00 
   3.18366e-01  4.93249e-01  4.47154e-03  1.66554e+00  1.63807e-06  2.50000e+01  0.00000e+00 
   3.73543e-01  4.78354e-01  4.57767e-03  1.76175e+00  1.59514e-06  8.00000e+00  0.00000e+00 
   3.60475e-01  4.92400e-01  3.80960e-03  1.60392e+00  1.65362e-06  3.80000e+01  0.00000e+00 
   3.67034e-01  4.76668e-01  4.81179e-03  1.75884e+00  1.65003e-06  3.50000e+01  0.00000e+00 
   3.31792e-01  4.95814e-01  3.63841e-03  1.54859e+00  1.64685e-06  3.20000e+01  0.00000e+00 
   3.38507e-01  4.92866e-01  3.47898e-03  1.71990e+00  1.58072e-06  6.00000e+00  0.00000e+00 
   3.67679e-01  4.91395e-01  3.99129e-03  1.76350e+00  1.58855e-06  7.00000e+00  0.00000e+00 
   3.56634e-01  4.82046e-01  4.26925e-03  1.60014e+00  1.64301e-06  3.00000e+01  0.00000e+00 
   3.10858e-01  4.91658e-01  4.02587e-03  1.72344e+00  1.49256e-06  0.00000e+00  0.00000e+00 
   3.80250e-01  4.80484e-01  4.06973e-03  1.71990e+00  1.62806e-06  2.20000e+01  0.00000e+00 
                                                                                      
generation    1.90000e+01
         sol00z       sol00en             R            tt      nemirrms       mgorank  mgoviolations 
   3.71138e-01  4.76288e-01  4.63900e-03  1.78512e+00  1.59542e-06  1.70000e+01  0.00000e+00 
   3.75074e-01  4.72232e-01  4.57701e-03  1.76175e+00  1.61886e-06  3.40000e+01  0.00000e+00 
   3.41082e-01  4.94434e-01  4.14668e-03  1.66271e+00  1.60694e-06  2.30000e+01  0.00000e+00 
   3.47536e-01  4.91153e-01  3.61408e-03  1.74468e+00  1.55978e-06  4.00000e+00  0.00000e+00 
   3.41332e-01  4.89989e-01  3.62004e-03  1.76829e+00  1.54350e-06  1.00000e+00  0.00000e+00 
   3.72628e-01  4.80446e-01  4.29236e-03  1.66086e+00  1.62831e-06  3.80000e+01  0.00000e+00 
   3.62875e-01  4.84624e-01  4.15920e-03  1.65357e+00  1.60712e-06  2.40000e+01  0.00000e+00 
   3.60438e-01  4.76560e-01  4.62855e-03  1.74948e+00  1.59791e-06  1.90000e+01  0.00000e+00 
   3.78149e-01  4.88448e-01  4.06456e-03  1.76975e+00  1.58708e-06  1.20000e+01  0.00000e+00 
   3.31553e-01  4.72574e-01  4.42735e-03  1.76175e+00  1.59324e-06  1.50000e+01  0.00000e+00 
   3.30528e-01  4.80330e-01  4.52051e-03  1.69982e+00  1.57748e-06  1.00000e+01  0.00000e+00 
   3.70735e-01  4.85154e-01  3.91081e-03  1.78026e+00  1.56102e-06  5.00000e+00  0.00000e+00 
   3.89186e-01  4.83406e-01  4.05489e-03  1.75762e+00  1.60018e-06  2.10000e+01  0.00000e+00 
   3.30057e-01  4.86311e-01  3.88881e-03  1.64630e+00  1.61780e-06  3.30000e+01  0.00000e+00 
   3.02675e-01  4.88921e-01  4.04093e-03  1.61264e+00  1.59205e-06  1.40000e+01  0.00000e+00 
   3.57081e-01  4.91436e-01  4.15056e-03  1.78277e+00  1.57337e-06  6.00000e+00  0.00000e+00 
   3.45150e-01  4.84249e-01  3.87930e-03  1.68768e+00  1.61405e-06  2.90000e+01  0.00000e+00 
   3.25823e-01  4.76592e-01  4.69219e-03  1.74515e+00  1.60612e-06  2.20000e+01  0.00000e+00 
   3.55183e-01  4.89008e-01  3.72589e-03  1.69566e+00  1.59671e-06  1.80000e+01  0.00000e+00 
   3.38183e-01  4.93302e-01  4.27712e-03  1.62638e+00  1.62295e-06  3.60000e+01  0.00000e+00 
   3.29785e-01  4.95180e-01  4.21179e-03  1.60995e+00  1.61454e-06  3.00000e+01  0.00000e+00 
   3.56634e-01  4.74104e-01  4.26925e-03  1.75933e+00  1.61491e-06  3.10000e+01  0.00000e+00 
   3.17114e-01  4.80748e-01  4.04987e-03  1.68924e+00  1.63351e-06  3.90000e+01  0.00000e+00 
   3.70585e-01  4.75268e-01  4.53797e-03  1.73247e+00  1.60940e-06  2.60000e+01  0.00000e+00 
   3.34986e-01  4.85121e-01  4.35282e-03  1.65234e+00  1.57689e-06  8.00000e+00  0.00000e+00 
   3.34187e-01  4.94678e-01  3.73033e-03  1.68009e+00  1.55433e-06  2.00000e+00  0.00000e+00 
   3.66007e-01  4.91090e-01  3.82307e-03  1.76210e+00  1.57504e-06  7.00000e+00  0.00000e+00 
   3.73460e-01  4.81970e-01  4.29075e-03  1.68333e+00  1.60739e-06  2.50000e+01  0.00000e+00 
   3.66445e-01  4.77893e-01  4.27505e-03  1.73052e+00  1.59894e-06  2.00000e+01  0.00000e+00 
   3.38771e-01  4.83383e-01  4.37259e-03  1.71416e+00  1.55532e-06  3.00000e+00  0.00000e+00 
   3.88013e-01  4.79975e-01  4.08840e-03  1.74670e+00  1.62239e-06  3.50000e+01  0.00000e+00 
   3.58364e-01  4.81448e-01  4.18765e-03  1.66883e+00  1.61109e-06  2.70000e+01  0.00000e+00 
   3.55797e-01  4.82038e-01  4.14119e-03  1.71546e+00  1.57733e-06  9.00000e+00  0.00000e+00 
   3.10920e-01  4.98743e-01  3.72367e-03  1.52469e+00  1.61745e-06  3.20000e+01  0.00000e+00 
   3.36355e-01  4.90251e-01  3.83441e-03  1.60772e+00  1.61266e-06  2.80000e+01  0.00000e+00 
   3.73543e-01  4.78354e-01  4.57767e-03  1.76175e+00  1.59514e-06  1.60000e+01  0.00000e+00 
   3.38507e-01  4.92866e-01  3.47898e-03  1.71990e+00  1.58072e-06  1.10000e+01  0.00000e+00 
   3.67679e-01  4.91395e-01  3.99129e-03  1.76350e+00  1.58855e-06  1.30000e+01  0.00000e+00 
   3.10858e-01  4.91658e-01  4.02587e-03  1.72344e+00  1.49256e-06  0.00000e+00  0.00000e+00 
   3.80250e-01  4.80484e-01  4.06973e-03  1.71990e+00  1.62806e-06  3.70000e+01  0.00000e+00 
                                                                                      
generation    2.00000e+01
         sol00z       sol00en             R            tt      nemirrms       mgorank  mgoviolations 
   3.03087e-01  4.82951e-01  4.14897e-03  1.67527e+00  1.59261e-06  2.70000e+01  0.00000e+00 
   3.41082e-01  4.83219e-01  4.17876e-03  1.69304e+00  1.56741e-06  9.00000e+00  0.00000e+00 
   3.30486e-01  4.93026e-01  4.33054e-03  1.79944e+00  1.58301e-06  2.20000e+01  0.00000e+00 
   3.46637e-01  4.95372e-01  3.57790e-03  1.72098e+00  1.57605e-06  1.50000e+01  0.00000e+00 
   3.54432e-01  4.84024e-01  4.30451e-03  1.67617e+00  1.58301e-06  2.30000e+01  0.00000e+00 
   3.31978e-01  4.76209e-01  4.14119e-03  1.76368e+00  1.60356e-06  3.70000e+01  0.00000e+00 
   3.15725e-01  4.77547e-01  4.60148e-03  1.77790e+00  1.57187e-06  1.10000e+01  0.00000e+00 
   3.58364e-01  4.83942e-01  4.45399e-03  1.76797e+00  1.57337e-06  1.20000e+01  0.00000e+00 
   3.51752e-01  4.78568e-01  4.45187e-03  1.76130e+00  1.56039e-06  7.00000e+00  0.00000e+00 
   3.15626e-01  4.98830e-01  3.57169e-03  1.73774e+00  1.49550e-06  1.00000e+00  0.00000e+00 
   3.38807e-01  4.86409e-01  4.07141e-03  1.70663e+00  1.54557e-06  3.00000e+00  0.00000e+00 
   3.61519e-01  4.74017e-01  4.51465e-03  1.74515e+00  1.60297e-06  3.60000e+01  0.00000e+00 
   3.62607e-01  4.85568e-01  4.33087e-03  1.72535e+00  1.57840e-06  2.00000e+01  0.00000e+00 
   3.78348e-01  4.75268e-01  4.55664e-03  1.75927e+00  1.60435e-06  3.80000e+01  0.00000e+00 
   3.48789e-01  4.87394e-01  4.27900e-03  1.69578e+00  1.56984e-06  1.00000e+01  0.00000e+00 
   3.60854e-01  4.82757e-01  4.25825e-03  1.70617e+00  1.57662e-06  1.60000e+01  0.00000e+00 
   3.49649e-01  4.94354e-01  3.49100e-03  1.70108e+00  1.60229e-06  3.50000e+01  0.00000e+00 
   3.71138e-01  4.76288e-01  4.63900e-03  1.78512e+00  1.59542e-06  3.00000e+01  0.00000e+00 
   3.47536e-01  4.91153e-01  3.61408e-03  1.74468e+00  1.55978e-06  6.00000e+00  0.00000e+00 
   3.41332e-01  4.89989e-01  3.62004e-03  1.76829e+00  1.54350e-06  2.00000e+00  0.00000e+00 
   3.60438e-01  4.76560e-01  4.62855e-03  1.74948e+00  1.59791e-06  3.20000e+01  0.00000e+00 
   3.78149e-01  4.88448e-01  4.06456e-03  1.76975e+00  1.58708e-06  2.40000e+01  0.00000e+00 
   3.31553e-01  4.72574e-01  4.42735e-03  1.76175e+00  1.59324e-06  2.80000e+01  0.00000e+00 
   3.30528e-01  4.80330e-01  4.52051e-03  1.69982e+00  1.57748e-06  1.90000e+01  0.00000e+00 
   3.70735e-01  4.85154e-01  3.91081e-03  1.78026e+00  1.56102e-06  8.00000e+00  0.00000e+00 
   3.89186e-01  4.83406e-01  4.05489e-03  1.75762e+00  1.60018e-06  3.40000e+01  0.00000e+00 
   3.02675e-01  4.88921e-01  4.04093e-03  1.61264e+00  1.59205e-06  2.60000e+01  0.00000e+00 
   3.57081e-01  4.91436e-01  4.15056e-03  1.78277e+00  1.57337e-06  1.30000e+01  0.00000e+00 
   3.25823e-01  4.76592e-01  4.69219e-03  1.74515e+00  1.60612e-06  3.90000e+01  0.00000e+00 
   3.55183e-01  4.89008e-01  3.72589e-03  1.69566e+00  1.59671e-06  3.10000e+01  0.00000e+00 
   3.34986e-01  4.85121e-01  4.35282e-03  1.65234e+00  1.57689e-06  1.70000e+01  0.00000e+00 
   3.34187e-01  4.94678e-01  3.73033e-03  1.68009e+00  1.55433e-06  4.00000e+00  0.00000e+00 
   3.66007e-01  4.91090e-01  3.82307e-03  1.76210e+00  1.57504e-06  1.40000e+01  0.00000e+00 
   3.66445e-01  4.77893e-01  4.27505e-03  1.73052e+00  1.59894e-06  3.30000e+01  0.00000e+00 
   3.38771e-01  4.83383e-01  4.37259e-03  1.71416e+00  1.55532e-06  5.00000e+00  0.00000e+00 
   3.55797e-01  4.82038e-01  4.14119e-03  1.71546e+00  1.57733e-06  1.80000e+01  0.00000e+00 
   3.73543e-01  4.78354e-01  4.57767e-03  1.76175e+00  1.59514e-06  2.90000e+01  0.00000e+00 
   3.38507e-01  4.92866e-01  3.47898e-03  1.71990e+00  1.58072e-06  2.10000e+01  0.00000e+00 
   3.67679e-01  4.91395e-01  3.99129e-03  1.76350e+00  1.58855e-06  2.50000e+01  0.00000e+00 
   3.10858e-01  4.91658e-01  4.02587e-03  1.72344e+00  1.49256e-06  0.00000e+00  0.00000e+00 
                                                                                      
generation    2.10000e+01
         sol00z       sol00en             R            tt      nemirrms       mgorank  mgoviolations 
   3.35539e-01  4.87770e-01  4.34760e-03  1.70058e+00  1.56325e-06  1.60000e+01  0.00000e+00 
   3.34377e-01  4.84105e-01  4.31491e-03  1.74563e+00  1.53116e-06  4.00000e+00  0.00000e+00 
   3.39823e-01  4.85069e-01  4.41616e-03  1.72567e+00  1.56231e-06  1.50000e+01  0.00000e+00 
   3.49974e-01  4.94224e-01  3.91365e-03  1.76769e+00  1.55906e-06  1.10000e+01  0.00000e+00 
   3.50760e-01  4.94946e-01  3.71716e-03  1.72390e+00  1.57911e-06  3.30000e+01  0.00000e+00 
   3.66007e-01  4.91090e-01  3.82307e-03  1.76175e+00  1.57543e-06  2.60000e+01  0.00000e+00 
   3.40254e-01  4.85568e-01  4.33087e-03  1.71583e+00  1.55224e-06  7.00000e+00  0.00000e+00 
   3.38490e-01  4.84307e-01  4.32958e-03  1.66916e+00  1.57118e-06  2.00000e+01  0.00000e+00 
   3.39220e-01  4.91395e-01  3.99214e-03  1.77179e+00  1.51271e-06  3.00000e+00  0.00000e+00 
   3.24668e-01  4.83060e-01  3.99129e-03  1.70951e+00  1.58725e-06  3.90000e+01  0.00000e+00 
   3.22388e-01  4.88523e-01  4.35548e-03  1.64300e+00  1.57265e-06  2.20000e+01  0.00000e+00 
   3.72003e-01  4.78708e-01  4.54979e-03  1.78973e+00  1.58001e-06  3.40000e+01  0.00000e+00 
   3.15397e-01  4.99566e-01  3.74182e-03  1.74580e+00  1.49303e-06  1.00000e+00  0.00000e+00 
   3.46617e-01  4.94826e-01  3.61448e-03  1.74468e+00  1.55746e-06  1.00000e+01  0.00000e+00 
   3.35555e-01  4.95410e-01  3.45251e-03  1.71052e+00  1.57079e-06  1.90000e+01  0.00000e+00 
   3.41082e-01  4.83219e-01  4.17876e-03  1.69304e+00  1.56741e-06  1.70000e+01  0.00000e+00 
   3.30486e-01  4.93026e-01  4.33054e-03  1.79944e+00  1.58301e-06  3.60000e+01  0.00000e+00 
   3.46637e-01  4.95372e-01  3.57790e-03  1.72098e+00  1.57605e-06  2.70000e+01  0.00000e+00 
   3.54432e-01  4.84024e-01  4.30451e-03  1.67617e+00  1.58301e-06  3.70000e+01  0.00000e+00 
   3.15725e-01  4.77547e-01  4.60148e-03  1.77790e+00  1.57187e-06  2.10000e+01  0.00000e+00 
   3.58364e-01  4.83942e-01  4.45399e-03  1.76797e+00  1.57337e-06  2.30000e+01  0.00000e+00 
   3.51752e-01  4.78568e-01  4.45187e-03  1.76130e+00  1.56039e-06  1.30000e+01  0.00000e+00 
   3.15626e-01  4.98830e-01  3.57169e-03  1.73774e+00  1.49550e-06  2.00000e+00  0.00000e+00 
   3.38807e-01  4.86409e-01  4.07141e-03  1.70663e+00  1.54557e-06  6.00000e+00  0.00000e+00 
   3.62607e-01  4.85568e-01  4.33087e-03  1.72535e+00  1.57840e-06  3.20000e+01  0.00000e+00 
   3.48789e-01  4.87394e-01  4.27900e-03  1.69578e+00  1.56984e-06  1.80000e+01  0.00000e+00 
   3.60854e-01  4.82757e-01  4.25825e-03  1.70617e+00  1.57662e-06  2.80000e+01  0.00000e+00 
   3.47536e-01  4.91153e-01  3.61408e-03  1.74468e+00  1.55978e-06  1.20000e+01  0.00000e+00 
   3.41332e-01  4.89989e-01  3.62004e-03  1.76829e+00  1.54350e-06  5.00000e+00  0.00000e+00 
   3.78149e-01  4.88448e-01  4.06456e-03  1.76975e+00  1.58708e-06  3.80000e+01  0.00000e+00 
   3.30528e-01  4.80330e-01  4.52051e-03  1.69982e+00  1.57748e-06  3.10000e+01  0.00000e+00 
   3.70735e-01  4.85154e-01  3.91081e-03  1.78026e+00  1.56102e-06  1.40000e+01  0.00000e+00 
   3.57081e-01  4.91436e-01  4.15056e-03  1.78277e+00  1.57337e-06  2.40000e+01  0.00000e+00 
   3.34986e-01  4.85121e-01  4.35282e-03  1.65234e+00  1.57689e-06  2.90000e+01  0.00000e+00 
   3.34187e-01  4.94678e-01  3.73033e-03  1.68009e+00  1.55433e-06  8.00000e+00  0.00000e+00 
   3.66007e-01  4.91090e-01  3.82307e-03  1.76210e+00  1.57504e-06  2.50000e+01  0.00000e+00 
   3.38771e-01  4.83383e-01  4.37259e-03  1.71416e+00  1.55532e-06  9.00000e+00  0.00000e+00 
   3.55797e-01  4.82038e-01  4.14119e-03  1.71546e+00  1.57733e-06  3.00000e+01  0.00000e+00 
   3.38507e-01  4.92866e-01  3.47898e-03  1.71990e+00  1.58072e-06  3.50000e+01  0.00000e+00 
   3.10858e-01  4.91658e-01  4.02587e-03  1.72344e+00  1.49256e-06  0.00000e+00  0.00000e+00 
                                                                                      
generation    2.20000e+01
         sol00z       sol00en             R            tt      nemirrms       mgorank  mgoviolations 
   3.21130e-01  4.86284e-01  4.19812e-03  1.70698e+00  1.52759e-06  1.20000e+01  0.00000e+00 
   3.44157e-01  4.87770e-01  4.27936e-03  1.79925e+00  1.53155e-06  1.40000e+01  0.00000e+00 
   3.10858e-01  4.91338e-01  4.07510e-03  1.72309e+00  1.49462e-06  3.00000e+00  0.00000e+00 
   3.13612e-01  4.99191e-01  3.39219e-03  1.72393e+00  1.52549e-06  1.00000e+01  0.00000e+00 
   3.02632e-01  5.02219e-01  3.31532e-03  1.77156e+00  1.48123e-06  0.00000e+00  0.00000e+00 
   3.29216e-01  5.00464e-01  3.70510e-03  1.70951e+00  1.56548e-06  3.10000e+01  0.00000e+00 
   3.11808e-01  4.89155e-01  4.30340e-03  1.71895e+00  1.52576e-06  1.10000e+01  0.00000e+00 
   3.17788e-01  4.91083e-01  3.96709e-03  1.73494e+00  1.49561e-06  5.00000e+00  0.00000e+00 
   3.08818e-01  4.88345e-01  4.33055e-03  1.70139e+00  1.53247e-06  1.60000e+01  0.00000e+00 
   3.28184e-01  4.95587e-01  4.09610e-03  1.68893e+00  1.56529e-06  3.00000e+01  0.00000e+00 
   3.47536e-01  4.81653e-01  4.04815e-03  1.74468e+00  1.56759e-06  3.30000e+01  0.00000e+00 
   3.31553e-01  4.88448e-01  4.06456e-03  1.76975e+00  1.49836e-06  6.00000e+00  0.00000e+00 
   3.57542e-01  4.85506e-01  4.26092e-03  1.74611e+00  1.55341e-06  2.00000e+01  0.00000e+00 
   3.03627e-01  4.89008e-01  4.17068e-03  1.68949e+00  1.51725e-06  9.00000e+00  0.00000e+00 
   3.36057e-01  4.87012e-01  4.15821e-03  1.72089e+00  1.53194e-06  1.50000e+01  0.00000e+00 
   3.31690e-01  4.87041e-01  4.20780e-03  1.74907e+00  1.51603e-06  8.00000e+00  0.00000e+00 
   3.35539e-01  4.87770e-01  4.34760e-03  1.70058e+00  1.56325e-06  2.90000e+01  0.00000e+00 
   3.34377e-01  4.84105e-01  4.31491e-03  1.74563e+00  1.53116e-06  1.30000e+01  0.00000e+00 
   3.39823e-01  4.85069e-01  4.41616e-03  1.72567e+00  1.56231e-06  2.80000e+01  0.00000e+00 
   3.49974e-01  4.94224e-01  3.91365e-03  1.76769e+00  1.55906e-06  2.40000e+01  0.00000e+00 
   3.40254e-01  4.85568e-01  4.33087e-03  1.71583e+00  1.55224e-06  1.90000e+01  0.00000e+00 
   3.38490e-01  4.84307e-01  4.32958e-03  1.66916e+00  1.57118e-06  3.60000e+01  0.00000e+00 
   3.39220e-01  4.91395e-01  3.99214e-03  1.77179e+00  1.51271e-06  7.00000e+00  0.00000e+00 
   3.22388e-01  4.88523e-01  4.35548e-03  1.64300e+00  1.57265e-06  3.80000e+01  0.00000e+00 
   3.15397e-01  4.99566e-01  3.74182e-03  1.74580e+00  1.49303e-06  2.00000e+00  0.00000e+00 
   3.46617e-01  4.94826e-01  3.61448e-03  1.74468e+00  1.55746e-06  2.30000e+01  0.00000e+00 
   3.35555e-01  4.95410e-01  3.45251e-03  1.71052e+00  1.57079e-06  3.50000e+01  0.00000e+00 
   3.41082e-01  4.83219e-01  4.17876e-03  1.69304e+00  1.56741e-06  3.20000e+01  0.00000e+00 
   3.15725e-01  4.77547e-01  4.60148e-03  1.77790e+00  1.57187e-06  3.70000e+01  0.00000e+00 
   3.58364e-01  4.83942e-01  4.45399e-03  1.76797e+00  1.57337e-06  3.90000e+01  0.00000e+00 
   3.51752e-01  4.78568e-01  4.45187e-03  1.76130e+00  1.56039e-06  2.60000e+01  0.00000e+00 
   3.15626e-01  4.98830e-01  3.57169e-03  1.73774e+00  1.49550e-06  4.00000e+00  0.00000e+00 
   3.38807e-01  4.86409e-01  4.07141e-03  1.70663e+00  1.54557e-06  1.80000e+01  0.00000e+00 
   3.48789e-01  4.87394e-01  4.27900e-03  1.69578e+00  1.56984e-06  3.40000e+01  0.00000e+00 
   3.47536e-01  4.91153e-01  3.61408e-03  1.74468e+00  1.55978e-06  2.50000e+01  0.00000e+00 
   3.41332e-01  4.89989e-01  3.62004e-03  1.76829e+00  1.54350e-06  1.70000e+01  0.00000e+00 
   3.70735e-01  4.85154e-01  3.91081e-03  1.78026e+00  1.56102e-06  2.70000e+01  0.00000e+00 
   3.34187e-01  4.94678e-01  3.73033e-03  1.68009e+00  1.55433e-06  2.10000e+01  0.00000e+00 
   3.38771e-01  4.83383e-01  4.37259e-03  1.71416e+00  1.55532e-06  2.20000e+01  0.00000e+00 
   3.10858e-01  4.91658e-01  4.02587e-03  1.72344e+00  1.49256e-06  1.00000e+00  0.00000e+00 
                                                                                      
generation    2.30000e+01
         sol00z       sol00en             R            tt      nemirrms       mgorank  mgoviolations 
   3.39823e-01  4.87955e-01  4.02073e-03  1.74419e+00  1.52231e-06  1.40000e+01  0.00000e+00 
   3.39659e-01  4.86467e-01  3.93875e-03  1.71558e+00  1.55327e-06  3.30000e+01  0.00000e+00 
   3.01339e-01  4.87907e-01  4.28761e-03  1.67128e+00  1.53556e-06  2.70000e+01  0.00000e+00 
   3.28184e-01  4.86718e-01  4.23311e-03  1.72745e+00  1.52429e-06  1.80000e+01  0.00000e+00 
   3.13612e-01  4.83238e-01  4.29711e-03  1.73807e+00  1.52291e-06  1.50000e+01  0.00000e+00 
   3.44157e-01  4.85117e-01  4.34105e-03  1.75254e+00  1.54390e-06  3.00000e+01  0.00000e+00 
   3.51845e-01  4.82565e-01  4.26312e-03  1.76142e+00  1.53881e-06  2.80000e+01  0.00000e+00 
   3.17223e-01  4.82101e-01  4.50173e-03  1.73279e+00  1.55723e-06  3.70000e+01  0.00000e+00 
   3.31319e-01  4.95336e-01  3.77212e-03  1.74559e+00  1.51327e-06  1.10000e+01  0.00000e+00 
   3.03941e-01  4.93027e-01  3.90687e-03  1.77115e+00  1.45734e-06  0.00000e+00  0.00000e+00 
   3.27627e-01  4.88509e-01  4.05319e-03  1.71336e+00  1.52359e-06  1.70000e+01  0.00000e+00 
   3.28156e-01  4.90891e-01  3.81461e-03  1.72292e+00  1.52315e-06  1.60000e+01  0.00000e+00 
   3.53092e-01  4.89681e-01  3.73180e-03  1.74272e+00  1.55834e-06  3.90000e+01  0.00000e+00 
   3.17359e-01  4.95372e-01  3.60986e-03  1.70671e+00  1.52776e-06  2.20000e+01  0.00000e+00 
   3.35296e-01  4.91217e-01  3.90628e-03  1.74850e+00  1.51169e-06  8.00000e+00  0.00000e+00 
   3.39017e-01  4.89985e-01  4.05856e-03  1.77011e+00  1.51196e-06  9.00000e+00  0.00000e+00 
   3.21130e-01  4.86284e-01  4.19812e-03  1.70698e+00  1.52759e-06  2.10000e+01  0.00000e+00 
   3.44157e-01  4.87770e-01  4.27936e-03  1.79925e+00  1.53155e-06  2.40000e+01  0.00000e+00 
   3.10858e-01  4.91338e-01  4.07510e-03  1.72309e+00  1.49462e-06  4.00000e+00  0.00000e+00 
   3.13612e-01  4.99191e-01  3.39219e-03  1.72393e+00  1.52549e-06  1.90000e+01  0.00000e+00 
   3.02632e-01  5.02219e-01  3.31532e-03  1.77156e+00  1.48123e-06  1.00000e+00  0.00000e+00 
   3.11808e-01  4.89155e-01  4.30340e-03  1.71895e+00  1.52576e-06  2.00000e+01  0.00000e+00 
   3.17788e-01  4.91083e-01  3.96709e-03  1.73494e+00  1.49561e-06  6.00000e+00  0.00000e+00 
   3.08818e-01  4.88345e-01  4.33055e-03  1.70139e+00  1.53247e-06  2.60000e+01  0.00000e+00 
   3.31553e-01  4.88448e-01  4.06456e-03  1.76975e+00  1.49836e-06  7.00000e+00  0.00000e+00 
   3.57542e-01  4.85506e-01  4.26092e-03  1.74611e+00  1.55341e-06  3.40000e+01  0.00000e+00 
   3.03627e-01  4.89008e-01  4.17068e-03  1.68949e+00  1.51725e-06  1.30000e+01  0.00000e+00 
   3.36057e-01  4.87012e-01  4.15821e-03  1.72089e+00  1.53194e-06  2.50000e+01  0.00000e+00 
   3.31690e-01  4.87041e-01  4.20780e-03  1.74907e+00  1.51603e-06  1.20000e+01  0.00000e+00 
   3.34377e-01  4.84105e-01  4.31491e-03  1.74563e+00  1.53116e-06  2.30000e+01  0.00000e+00 
   3.40254e-01  4.85568e-01  4.33087e-03  1.71583e+00  1.55224e-06  3.20000e+01  0.00000e+00 
   3.39220e-01  4.91395e-01  3.99214e-03  1.77179e+00  1.51271e-06  1.00000e+01  0.00000e+00 
   3.15397e-01  4.99566e-01  3.74182e-03  1.74580e+00  1.49303e-06  3.00000e+00  0.00000e+00 
   3.46617e-01  4.94826e-01  3.61448e-03  1.74468e+00  1.55746e-06  3.80000e+01  0.00000e+00 
   3.15626e-01  4.98830e-01  3.57169e-03  1.73774e+00  1.49550e-06  5.00000e+00  0.00000e+00 
   3.38807e-01  4.86409e-01  4.07141e-03  1.70663e+00  1.54557e-06  3.10000e+01  0.00000e+00 
   3.41332e-01  4.89989e-01  3.62004e-03  1.76829e+00  1.54350e-06  2.90000e+01  0.00000e+00 
   3.34187e-01  4.94678e-01  3.73033e-03  1.68009e+00  1.55433e-06  3.50000e+01  0.00000e+00 
   3.38771e-01  4.83383e-01  4.37259e-03  1.71416e+00  1.55532e-06  3.60000e+01  0.00000e+00 
   3.10858e-01  4.91658e-01  4.02587e-03  1.72344e+00  1.49256e-06  2.00000e+00  0.00000e+00 
                                                                                      
