   position        avgx        avgy        avgz        stdx        stdy        stdt        avgG    nemixrms    nemiyrms    nemirrms        rmax 
 1.500e+00 -2.314e-06 -1.324e-06  1.500e+00  5.073e-03  5.065e-03  4.076e-10  1.880e+00  5.451e-06  5.460e-06  5.455e-06  1.232e-02 
 1.450e+00 -2.134e-06 -1.234e-06  1.450e+00  4.651e-03  4.644e-03  4.075e-10  1.880e+00  5.123e-06  5.135e-06  5.129e-06  1.140e-02 
 1.400e+00 -1.955e-06 -1.146e-06  1.400e+00  4.243e-03  4.236e-03  4.074e-10  1.880e+00  4.774e-06  4.788e-06  4.781e-06  1.050e-02 
 1.350e+00 -1.777e-06 -1.059e-06  1.350e+00  3.849e-03  3.842e-03  4.072e-10  1.880e+00  4.402e-06  4.417e-06  4.409e-06  9.622e-03 
 1.250e+00 -1.435e-06 -8.920e-07  1.250e+00  3.113e-03  3.107e-03  4.070e-10  1.880e+00  3.588e-06  3.602e-06  3.595e-06  7.908e-03 
 1.200e+00 -1.272e-06 -8.131e-07  1.200e+00  2.774e-03  2.768e-03  4.068e-10  1.880e+00  3.152e-06  3.163e-06  3.157e-06  7.091e-03 
 1.150e+00 -1.118e-06 -7.388e-07  1.150e+00  2.457e-03  2.453e-03  4.067e-10  1.880e+00  2.709e-06  2.715e-06  2.712e-06  6.411e-03 
 1.050e+00 -8.369e-07 -6.032e-07  1.050e+00  1.905e-03  1.901e-03  4.065e-10  1.880e+00  1.952e-06  1.933e-06  1.942e-06  5.172e-03 
 9.500e-01 -5.935e-07 -4.821e-07  9.500e-01  1.486e-03  1.483e-03  4.063e-10  1.880e+00  1.883e-06  1.842e-06  1.862e-06  4.122e-03 
 9.000e-01 -4.816e-07 -4.279e-07  9.000e-01  1.337e-03  1.335e-03  4.062e-10  1.880e+00  2.176e-06  2.138e-06  2.157e-06  3.684e-03 
 8.500e-01 -3.735e-07 -3.780e-07  8.500e-01  1.237e-03  1.236e-03  4.061e-10  1.880e+00  2.538e-06  2.506e-06  2.522e-06  3.314e-03 
 8.000e-01 -2.705e-07 -3.301e-07  8.000e-01  1.191e-03  1.189e-03  4.060e-10  1.880e+00  2.841e-06  2.817e-06  2.829e-06  3.018e-03 
 7.500e-01 -1.700e-07 -2.842e-07  7.500e-01  1.200e-03  1.200e-03  4.059e-10  1.880e+00  3.005e-06  2.986e-06  2.996e-06  2.804e-03 
 7.000e-01 -7.141e-08 -2.408e-07  7.000e-01  1.267e-03  1.266e-03  4.058e-10  1.880e+00  3.009e-06  2.990e-06  2.999e-06  2.780e-03 
 6.500e-01  2.734e-08 -2.005e-07  6.500e-01  1.387e-03  1.386e-03  4.058e-10  1.880e+00  2.864e-06  2.840e-06  2.852e-06  3.100e-03 
 6.000e-01  1.237e-07 -1.619e-07  6.000e-01  1.554e-03  1.554e-03  4.057e-10  1.880e+00  2.615e-06  2.585e-06  2.600e-06  3.562e-03 
 5.500e-01  2.191e-07 -1.211e-07  5.500e-01  1.764e-03  1.764e-03  4.056e-10  1.880e+00  2.336e-06  2.301e-06  2.299e-06  4.091e-03 
 5.000e-01  3.127e-07 -7.900e-08  5.000e-01  2.009e-03  2.010e-03  4.056e-10  1.880e+00  2.817e-06  2.786e-06  2.009e-06  4.689e-03 
 4.500e-01  4.036e-07 -4.883e-08  4.500e-01  2.286e-03  2.286e-03  4.055e-10  1.880e+00  1.298e-05  1.297e-05  1.805e-06  5.335e-03 
 4.000e-01  4.802e-07 -1.029e-07  4.000e-01  2.556e-03  2.557e-03  4.055e-10  1.880e+00  6.989e-05  6.987e-05  1.743e-06  5.946e-03 
 3.500e-01  4.528e-07 -2.648e-07  3.500e-01  2.582e-03  2.583e-03  4.055e-10  1.880e+00  7.400e-05  7.399e-05  1.844e-06  5.995e-03 
 3.000e-01  3.963e-07 -3.076e-07  3.000e-01  2.348e-03  2.348e-03  4.054e-10  1.880e+00  1.496e-05  1.496e-05  2.044e-06  5.421e-03 
 2.500e-01  3.856e-07 -2.732e-07  2.500e-01  2.102e-03  2.102e-03  4.054e-10  1.880e+00  3.212e-06  3.236e-06  2.268e-06  4.817e-03 
 2.000e-01  3.832e-07 -2.282e-07  2.000e-01  1.886e-03  1.886e-03  4.054e-10  1.880e+00  2.469e-06  2.499e-06  2.454e-06  4.270e-03 
 1.800e-01  3.841e-07 -2.093e-07  1.800e-01  1.810e-03  1.809e-03  4.054e-10  1.880e+00  2.496e-06  2.525e-06  2.509e-06  4.069e-03 
 1.500e-01  3.862e-07 -1.809e-07  1.500e-01  1.707e-03  1.707e-03  4.053e-10  1.880e+00  2.552e-06  2.580e-06  2.566e-06  3.790e-03 
 1.300e-01  3.865e-07 -1.612e-07  1.300e-01  1.647e-03  1.647e-03  4.053e-10  1.880e+00  2.569e-06  2.595e-06  2.582e-06  3.619e-03 
 1.100e-01  3.864e-07 -1.426e-07  1.100e-01  1.594e-03  1.594e-03  4.053e-10  1.880e+00  2.567e-06  2.592e-06  2.579e-06  3.463e-03 
 9.000e-02  3.877e-07 -1.245e-07  9.000e-02  1.550e-03  1.549e-03  4.053e-10  1.879e+00  2.543e-06  2.566e-06  2.555e-06  3.322e-03 
 7.000e-02  3.888e-07 -1.053e-07  7.000e-02  1.515e-03  1.515e-03  4.053e-10  1.875e+00  2.494e-06  2.516e-06  2.505e-06  3.201e-03 
 5.000e-02  4.020e-07 -8.808e-08  5.000e-02  1.535e-03  1.534e-03  4.053e-10  1.792e+00  2.416e-06  2.436e-06  2.426e-06  3.193e-03 
 3.000e-02  4.763e-07 -8.000e-08  3.000e-02  1.793e-03  1.793e-03  4.053e-10  1.411e+00  2.281e-06  2.299e-06  2.290e-06  3.682e-03 
 2.000e-02  5.204e-07 -7.105e-08  2.000e-02  1.953e-03  1.952e-03  4.053e-10  1.241e+00  2.174e-06  2.188e-06  2.181e-06  3.987e-03 
 1.000e-02  5.553e-07 -5.383e-08  1.000e-02  2.103e-03  2.103e-03  4.053e-10  1.103e+00  1.992e-06  2.002e-06  1.997e-06  4.265e-03 
 0.000e+00  5.841e-07  1.848e-08 -1.715e-22  2.176e-03  2.176e-03  4.060e-10  1.000e+00  1.097e-06  1.096e-06  1.096e-06  4.353e-03 
                                                                                                                        
