       time        avgz        avgy        avgx        avgG      avgfEz      avgfEy      avgfEx      avgfBx      avgfBy      avgfBz        stdx        stdy        stdz    nemixrms    nemiyrms    nemirrms        stdG        rmax 
-6.900e-10  2.800e-05  2.302e-05  2.604e-05  1.000e+00 -4.851e+06 -2.378e+01 -1.682e+01 -7.477e-09 -8.221e-08  1.438e-08  2.082e-03  2.295e-03  2.390e-05  9.806e-07  1.181e-06  1.072e-06  2.270e-04  4.331e-03 
-6.700e-10  1.651e-04  6.678e-05  7.129e-05  1.002e+00 -4.780e+06 -1.071e+01 -4.275e+00  3.289e-09 -1.641e-09 -6.822e-13  2.150e-03  2.206e-03  1.454e-04  1.258e-06  1.157e-06  1.204e-06  1.385e-03  4.336e-03 
-6.500e-10  4.103e-04  1.734e-05  3.131e-05  1.004e+00 -4.752e+06  1.667e+02  1.072e+02 -7.041e-09 -1.888e-08  9.600e-13  2.154e-03  2.184e-03  3.679e-04  1.183e-06  1.151e-06  1.167e-06  3.502e-03  4.334e-03 
-6.300e-10  7.650e-04  1.437e-05 -1.079e-05  1.007e+00 -4.748e+06  2.818e+02  3.450e+02 -7.412e-10  2.404e-09  7.656e-14  2.163e-03  2.193e-03  6.887e-04  1.189e-06  1.199e-06  1.193e-06  6.582e-03  4.346e-03 
-6.100e-10  1.230e-03  2.532e-05  5.122e-06  1.012e+00 -4.775e+06  3.481e+02  5.045e+02  2.977e-08  3.780e-08  1.589e-12  2.174e-03  2.178e-03  1.106e-03  1.403e-06  1.503e-06  1.451e-06  1.066e-02  4.348e-03 
-5.900e-10  1.794e-03  4.601e-06 -2.867e-06  1.017e+00 -4.826e+06  4.605e+02  4.081e+02  3.198e-08  5.222e-09  1.531e-12  2.165e-03  2.185e-03  1.620e-03  1.921e-06  2.121e-06  2.018e-06  1.584e-02  4.351e-03 
-5.700e-10  2.472e-03 -9.619e-06 -6.650e-06  1.024e+00 -4.911e+06  3.780e+02  3.079e+02  1.186e-07  1.337e-09  6.223e-12  2.166e-03  2.174e-03  2.228e-03  2.755e-06  3.000e-06  2.875e-06  2.224e-02  4.352e-03 
-5.500e-10  3.245e-03 -1.255e-05 -4.235e-06  1.032e+00 -5.023e+06  4.424e+02 -4.300e+01  5.779e-08 -1.235e-07 -3.329e-12  2.150e-03  2.177e-03  2.931e-03  3.754e-06  4.093e-06  3.919e-06  3.008e-02  4.352e-03 
-5.300e-10  4.135e-03 -1.172e-06 -1.212e-05  1.042e+00 -5.167e+06  4.059e+02 -1.651e+01 -6.846e-09  2.435e-08  1.717e-12  2.157e-03  2.159e-03  3.728e-03  4.922e-06  5.188e-06  5.053e-06  3.957e-02  4.354e-03 
-5.100e-10  5.118e-03 -1.345e-05  7.226e-07  1.053e+00 -5.331e+06  2.848e+02 -2.486e+02 -5.133e-08 -5.704e-08 -5.583e-12  2.152e-03  2.147e-03  4.620e-03  6.069e-06  6.294e-06  6.180e-06  5.097e-02  4.356e-03 
-4.900e-10  6.212e-03 -4.663e-06 -9.532e-06  1.066e+00 -5.519e+06  9.276e+01 -1.217e+02 -7.526e-08  1.208e-07  7.695e-12  2.141e-03  2.140e-03  5.604e-03  7.109e-06  7.354e-06  7.231e-06  6.452e-02  4.355e-03 
-4.700e-10  7.401e-03 -1.153e-06 -2.704e-06  1.081e+00 -5.724e+06 -1.968e+02 -1.244e+02  3.030e-08  1.418e-07  6.929e-12  2.125e-03  2.125e-03  6.679e-03  8.050e-06  8.265e-06  8.157e-06  8.043e-02  4.348e-03 
-4.500e-10  8.701e-03 -6.357e-07 -1.171e-06  1.099e+00 -5.944e+06 -3.737e+02 -2.336e+02  8.590e-08 -6.398e-09 -1.377e-13  2.116e-03  2.107e-03  7.840e-03  8.949e-06  9.062e-06  9.005e-06  9.890e-02  4.347e-03 
-4.300e-10  1.011e-02  2.515e-06  6.038e-06  1.119e+00 -6.180e+06 -4.161e+02 -2.373e+02  7.919e-08 -7.129e-08 -1.476e-12  2.095e-03  2.098e-03  9.083e-03  9.652e-06  9.860e-06  9.755e-06  1.201e-01  4.354e-03 
-4.100e-10  1.160e-02 -4.197e-06 -5.768e-06  1.142e+00 -6.422e+06 -3.787e+02 -1.807e+02  5.395e-08 -6.992e-08 -1.153e-12  2.083e-03  2.073e-03  1.040e-02  1.035e-05  1.042e-05  1.039e-05  1.441e-01  4.358e-03 
-3.900e-10  1.319e-02 -5.015e-07  2.178e-06  1.167e+00 -6.670e+06 -3.331e+02 -2.867e+02  5.421e-08 -2.422e-07 -1.466e-12  2.056e-03  2.060e-03  1.180e-02  1.081e-05  1.098e-05  1.089e-05  1.709e-01  4.361e-03 
-3.700e-10  1.486e-02 -6.675e-06 -6.826e-06  1.195e+00 -6.885e+06 -3.695e+02 -1.237e+02  9.414e-08  1.076e-07 -1.522e-12  2.041e-03  2.034e-03  1.325e-02  1.117e-05  1.119e-05  1.118e-05  2.002e-01  4.363e-03 
-3.500e-10  1.663e-02 -3.314e-06  2.890e-06  1.225e+00 -7.006e+06 -5.428e+02 -4.489e+02  3.305e-08  5.725e-08 -1.303e-12  2.017e-03  2.018e-03  1.476e-02  1.112e-05  1.116e-05  1.114e-05  2.306e-01  4.361e-03 
-3.300e-10  1.845e-02 -4.859e-06 -2.666e-06  1.255e+00 -6.943e+06 -9.260e+02 -1.136e+03  9.224e-08 -6.712e-08 -1.016e-12  2.002e-03  1.993e-03  1.633e-02  1.094e-05  1.082e-05  1.088e-05  2.592e-01  4.351e-03 
-3.100e-10  2.035e-02 -3.817e-06 -3.565e-07  1.285e+00 -6.739e+06 -8.901e+02 -9.819e+02  3.965e-08 -2.088e-07  5.850e-12  1.983e-03  1.976e-03  1.792e-02  1.084e-05  1.074e-05  1.079e-05  2.834e-01  4.347e-03 
-2.900e-10  2.230e-02 -3.349e-06 -3.687e-06  1.312e+00 -6.481e+06 -5.288e+02  4.728e+02 -7.585e-08  5.604e-08  6.483e-13  1.963e-03  1.959e-03  1.955e-02  1.094e-05  1.086e-05  1.090e-05  3.027e-01  4.351e-03 
-2.700e-10  2.432e-02  7.136e-06  2.360e-06  1.338e+00 -6.219e+06 -1.345e+02  8.680e+02 -1.581e-07  5.129e-08  1.411e-12  1.948e-03  1.945e-03  2.119e-02  1.122e-05  1.115e-05  1.118e-05  3.177e-01  4.354e-03 
-2.500e-10  2.639e-02 -7.621e-06 -3.624e-06  1.362e+00 -5.968e+06 -5.875e+01  4.152e+02 -6.304e-08 -6.096e-09  1.208e-12  1.931e-03  1.933e-03  2.284e-02  1.152e-05  1.149e-05  1.150e-05  3.294e-01  4.352e-03 
-2.300e-10  2.848e-02  1.719e-06 -1.480e-07  1.383e+00 -5.729e+06  3.613e+02  3.024e+02  6.637e-08 -1.063e-07  3.340e-12  1.916e-03  1.923e-03  2.450e-02  1.184e-05  1.184e-05  1.184e-05  3.385e-01  4.347e-03 
-2.100e-10  3.064e-02 -1.738e-06 -1.448e-06  1.404e+00 -5.506e+06  5.091e+02  2.716e+02  4.492e-08 -1.040e-07  2.673e-12  1.907e-03  1.910e-03  2.615e-02  1.221e-05  1.215e-05  1.218e-05  3.455e-01  4.342e-03 
-1.900e-10  3.279e-02 -1.113e-07 -1.874e-06  1.422e+00 -5.297e+06  3.010e+02 -2.500e+02  1.425e-07 -1.399e-07  2.248e-12  1.893e-03  1.902e-03  2.782e-02  1.249e-05  1.248e-05  1.248e-05  3.509e-01  4.344e-03 
-1.700e-10  3.501e-02  5.137e-07 -3.527e-06  1.440e+00 -5.102e+06  6.194e+02 -4.219e+02  9.906e-08 -1.183e-07  9.855e-13  1.887e-03  1.891e-03  2.947e-02  1.282e-05  1.276e-05  1.279e-05  3.549e-01  4.348e-03 
-1.500e-10  3.722e-02 -2.386e-06 -1.312e-06  1.456e+00 -4.919e+06  5.101e+02 -1.600e+02  1.517e-08 -1.293e-07  5.964e-13  1.879e-03  1.884e-03  3.113e-02  1.308e-05  1.304e-05  1.306e-05  3.580e-01  4.350e-03 
-1.300e-10  3.947e-02 -2.464e-06 -2.488e-06  1.471e+00 -4.749e+06 -2.793e+02  2.079e+02  2.023e-08 -1.545e-08 -1.373e-13  1.875e-03  1.873e-03  3.278e-02  1.336e-05  1.326e-05  1.331e-05  3.601e-01  4.350e-03 
-1.100e-10  4.172e-02 -2.841e-06 -3.735e-06  1.484e+00 -4.589e+06 -4.974e+02 -1.684e+02  7.481e-08 -1.734e-08 -4.423e-13  1.871e-03  1.864e-03  3.443e-02  1.359e-05  1.346e-05  1.353e-05  3.617e-01  4.343e-03 
-9.000e-11  4.400e-02  1.177e-06 -2.113e-06  1.497e+00 -4.439e+06 -4.665e+02 -2.419e+02 -8.823e-09  7.909e-08 -9.535e-13  1.863e-03  1.864e-03  3.607e-02  1.376e-05  1.373e-05  1.374e-05  3.626e-01  4.346e-03 
-7.000e-11  4.633e-02 -6.204e-07  9.908e-07  1.510e+00 -4.298e+06 -8.493e+01  2.221e+02  1.040e-08  4.872e-08 -8.105e-13  1.859e-03  1.859e-03  3.770e-02  1.395e-05  1.393e-05  1.394e-05  3.629e-01  4.346e-03 
-5.000e-11  4.863e-02 -1.772e-07  3.038e-07  1.521e+00 -4.166e+06  2.819e+02  4.278e+02  1.274e-07 -1.714e-08 -3.835e-13  1.853e-03  1.858e-03  3.933e-02  1.408e-05  1.416e-05  1.412e-05  3.630e-01  4.344e-03 
-3.000e-11  5.098e-02 -1.285e-06 -2.331e-06  1.532e+00 -4.042e+06  5.783e+02  1.712e+02  8.077e-08 -2.694e-08  1.099e-13  1.854e-03  1.851e-03  4.095e-02  1.427e-05  1.431e-05  1.429e-05  3.626e-01  4.350e-03 
-1.000e-11  5.330e-02  1.160e-06 -4.587e-06  1.542e+00 -3.924e+06  5.649e+02 -1.571e+02  5.347e-08 -8.454e-08  7.157e-15  1.851e-03  1.848e-03  4.258e-02  1.440e-05  1.447e-05  1.443e-05  3.621e-01  4.354e-03 
 1.000e-11  5.568e-02  1.838e-06 -5.062e-06  1.552e+00 -3.813e+06  2.979e+02 -3.361e+02  3.876e-08 -1.410e-08 -2.220e-13  1.849e-03  1.848e-03  4.419e-02  1.453e-05  1.465e-05  1.459e-05  3.612e-01  4.356e-03 
 3.000e-11  5.803e-02 -2.593e-07 -7.435e-07  1.561e+00 -3.708e+06  5.594e+01  5.054e+01 -4.177e-08 -1.671e-08  1.413e-13  1.845e-03  1.849e-03  4.581e-02  1.464e-05  1.480e-05  1.472e-05  3.603e-01  4.355e-03 
 5.000e-11  6.040e-02 -6.338e-07  5.236e-07  1.569e+00 -3.609e+06 -3.177e+02 -1.650e+02 -2.235e-08 -5.829e-08 -1.028e-13  1.844e-03  1.850e-03  4.741e-02  1.477e-05  1.492e-05  1.485e-05  3.592e-01  4.349e-03 
 7.000e-11  6.277e-02  7.337e-07  1.337e-07  1.577e+00 -3.515e+06 -4.275e+02 -3.669e+02  3.127e-08 -1.193e-08 -2.411e-13  1.844e-03  1.849e-03  4.902e-02  1.492e-05  1.501e-05  1.496e-05  3.580e-01  4.350e-03 
 9.000e-11  6.516e-02 -3.497e-06  9.027e-07  1.585e+00 -3.426e+06 -7.692e+01 -2.206e+02  4.485e-08  1.722e-08 -5.504e-13  1.848e-03  1.846e-03  5.062e-02  1.508e-05  1.507e-05  1.507e-05  3.566e-01  4.349e-03 
 1.100e-10  6.759e-02 -1.310e-06 -9.399e-07  1.592e+00 -3.341e+06  7.288e+01 -8.189e+01  7.131e-08  1.602e-08 -9.050e-13  1.850e-03  1.846e-03  5.221e-02  1.523e-05  1.515e-05  1.519e-05  3.550e-01  4.352e-03 
 1.300e-10  6.997e-02  1.810e-07 -2.106e-06  1.599e+00 -3.261e+06 -8.735e+01  3.424e+01  2.654e-08 -6.102e-08 -2.200e-13  1.852e-03  1.847e-03  5.380e-02  1.534e-05  1.522e-05  1.528e-05  3.535e-01  4.352e-03 
 1.500e-10  7.241e-02 -1.997e-06 -3.053e-07  1.606e+00 -3.183e+06  1.758e+01  4.500e+02 -1.389e-09 -5.661e-08  1.754e-07  1.853e-03  1.849e-03  5.538e-02  1.544e-05  1.532e-05  1.538e-05  3.518e-01  4.349e-03 
 1.700e-10  7.481e-02 -6.115e-08 -3.314e-06  1.612e+00 -3.110e+06 -1.960e+00  5.958e+02 -1.227e-09  3.202e-08  1.589e-06  1.853e-03  1.852e-03  5.697e-02  1.550e-05  1.542e-05  1.546e-05  3.502e-01  4.343e-03 
 1.900e-10  7.726e-02 -7.160e-07  6.182e-07  1.618e+00 -3.040e+06  3.391e+01  3.491e+02 -4.313e-08 -3.151e-08  4.361e-06  1.855e-03  1.856e-03  5.854e-02  1.556e-05  1.555e-05  1.555e-05  3.484e-01  4.349e-03 
 2.100e-10  7.966e-02 -1.410e-06 -1.155e-06  1.624e+00 -2.973e+06  1.484e+02 -1.327e+02 -2.675e-08 -1.447e-07  8.474e-06  1.859e-03  1.857e-03  6.012e-02  1.561e-05  1.564e-05  1.563e-05  3.468e-01  4.353e-03 
 2.300e-10  8.210e-02 -2.614e-06 -3.309e-08  1.630e+00 -2.909e+06 -9.502e+01 -1.694e+02 -1.139e-07 -6.760e-08  1.392e-05  1.862e-03  1.862e-03  6.169e-02  1.566e-05  1.575e-05  1.571e-05  3.450e-01  4.355e-03 
 2.500e-10  8.452e-02 -1.133e-06 -1.306e-06  1.635e+00 -2.849e+06 -3.832e+02 -3.377e+02 -4.800e-08 -6.969e-08  2.072e-05  1.865e-03  1.866e-03  6.327e-02  1.573e-05  1.582e-05  1.578e-05  3.433e-01  4.352e-03 
 2.700e-10  8.696e-02 -2.029e-06  1.888e-06  1.640e+00 -2.790e+06 -3.761e+02 -3.883e+02  2.412e-08  5.483e-08  2.889e-05  1.870e-03  1.868e-03  6.484e-02  1.584e-05  1.586e-05  1.585e-05  3.415e-01  4.353e-03 
 2.900e-10  8.944e-02 -3.706e-06 -5.381e-07  1.645e+00 -2.733e+06 -2.735e+02 -2.548e+02  5.917e-08 -9.676e-09  3.850e-05  1.875e-03  1.872e-03  6.639e-02  1.594e-05  1.592e-05  1.593e-05  3.396e-01  4.352e-03 
 3.100e-10  9.186e-02 -5.250e-08  1.184e-06  1.649e+00 -2.679e+06 -5.610e+01  2.228e+02  6.720e-08 -2.391e-08  4.959e-05  1.878e-03  1.877e-03  6.796e-02  1.600e-05  1.598e-05  1.599e-05  3.379e-01  4.347e-03 
 3.300e-10  9.435e-02  8.503e-07 -6.520e-07  1.654e+00 -2.626e+06 -5.417e+01  5.662e+02 -2.426e-08  6.272e-08  6.233e-05  1.883e-03  1.882e-03  6.951e-02  1.608e-05  1.605e-05  1.607e-05  3.360e-01  4.348e-03 
 3.500e-10  9.678e-02  1.784e-06  1.116e-06  1.658e+00 -2.577e+06 -1.257e+02  4.223e+02 -3.411e-08  2.378e-08  7.678e-05  1.888e-03  1.888e-03  7.107e-02  1.615e-05  1.611e-05  1.613e-05  3.343e-01  4.348e-03 
 3.700e-10  9.927e-02  1.917e-06  3.836e-07  1.663e+00 -2.528e+06 -1.331e+01 -2.606e+02  2.101e-09 -7.110e-08  9.321e-05  1.892e-03  1.894e-03  7.261e-02  1.624e-05  1.616e-05  1.620e-05  3.324e-01  4.363e-03 
 3.900e-10  1.017e-01  1.768e-06 -3.866e-08  1.666e+00 -2.483e+06  2.083e+02 -5.820e+02  3.040e-09 -1.704e-09  1.118e-04  1.899e-03  1.898e-03  7.417e-02  1.632e-05  1.620e-05  1.626e-05  3.307e-01  4.417e-03 
 4.100e-10  1.042e-01  8.243e-07  4.691e-07  1.670e+00 -2.438e+06  3.394e+02 -2.328e+02 -1.246e-08  4.535e-08  1.328e-04  1.905e-03  1.903e-03  7.572e-02  1.639e-05  1.626e-05  1.632e-05  3.289e-01  4.472e-03 
 4.300e-10  1.066e-01  2.646e-07  2.145e-06  1.674e+00 -2.395e+06  3.016e+02  2.262e+02 -2.843e-08  5.185e-09  1.565e-04  1.909e-03  1.911e-03  7.727e-02  1.640e-05  1.636e-05  1.638e-05  3.273e-01  4.528e-03 
 4.500e-10  1.091e-01  3.303e-07  2.338e-07  1.677e+00 -2.353e+06  1.597e+02  4.368e+02  1.265e-08  4.002e-08  1.836e-04  1.917e-03  1.916e-03  7.881e-02  1.645e-05  1.644e-05  1.644e-05  3.255e-01  4.586e-03 
 4.700e-10  1.116e-01 -4.909e-07  1.122e-06  1.681e+00 -2.313e+06  1.011e+02  3.315e+02 -6.513e-09 -1.927e-08  2.145e-04  1.924e-03  1.923e-03  8.034e-02  1.651e-05  1.652e-05  1.651e-05  3.236e-01  4.644e-03 
 4.900e-10  1.141e-01  2.458e-06 -3.525e-07  1.684e+00 -2.274e+06  1.317e+02  2.351e+02 -4.403e-09 -1.755e-08  2.497e-04  1.931e-03  1.929e-03  8.189e-02  1.657e-05  1.657e-05  1.656e-05  3.220e-01  4.703e-03 
 5.100e-10  1.166e-01  6.139e-07  1.653e-06  1.688e+00 -2.236e+06  1.369e+02  4.016e+02 -3.379e-08  2.008e-08  2.904e-04  1.937e-03  1.937e-03  8.342e-02  1.664e-05  1.663e-05  1.663e-05  3.202e-01  4.762e-03 
 5.300e-10  1.190e-01  2.225e-06 -3.520e-07  1.691e+00 -2.200e+06  9.794e+01  2.814e+02 -6.953e-08  4.402e-08  3.372e-04  1.945e-03  1.944e-03  8.496e-02  1.671e-05  1.668e-05  1.669e-05  3.186e-01  4.822e-03 
 5.500e-10  1.215e-01  5.772e-07 -1.634e-07  1.694e+00 -2.164e+06  4.617e+01 -1.940e+02 -1.681e-08 -4.485e-09  3.919e-04  1.951e-03  1.953e-03  8.649e-02  1.676e-05  1.676e-05  1.675e-05  3.168e-01  4.883e-03 
 5.700e-10  1.240e-01  2.048e-06 -3.840e-07  1.697e+00 -2.131e+06  1.537e+02 -2.078e+02  3.333e-08 -3.702e-08  4.555e-04  1.959e-03  1.960e-03  8.803e-02  1.683e-05  1.682e-05  1.681e-05  3.153e-01  4.944e-03 
 5.900e-10  1.265e-01  1.071e-06 -7.676e-07  1.700e+00 -2.098e+06  3.343e+02 -1.880e+02 -4.276e-08  1.120e-08  5.304e-04  1.968e-03  1.967e-03  8.956e-02  1.690e-05  1.689e-05  1.688e-05  3.136e-01  5.006e-03 
 6.100e-10  1.289e-01  8.738e-07 -1.496e-06  1.702e+00 -2.066e+06  2.512e+02 -3.047e+02 -5.964e-09 -3.828e-08  6.185e-04  1.976e-03  1.975e-03  9.109e-02  1.699e-05  1.697e-05  1.695e-05  3.121e-01  5.068e-03 
 6.300e-10  1.314e-01 -5.044e-07  2.683e-07  1.705e+00 -2.035e+06  1.054e+02 -2.394e+02  7.864e-09 -4.234e-08  7.230e-04  1.984e-03  1.983e-03  9.262e-02  1.708e-05  1.707e-05  1.703e-05  3.105e-01  5.131e-03 
 6.500e-10  1.340e-01  1.680e-06 -1.226e-06  1.708e+00 -2.005e+06 -8.270e+01 -2.399e+02 -6.866e-08 -2.913e-08  8.471e-04  1.993e-03  1.992e-03  9.414e-02  1.720e-05  1.719e-05  1.714e-05  3.087e-01  5.194e-03 
 6.700e-10  1.364e-01 -4.463e-07  1.029e-06  1.710e+00 -1.976e+06 -2.842e+02 -2.085e+02  3.619e-09 -2.265e-08  9.939e-04  2.001e-03  2.001e-03  9.567e-02  1.735e-05  1.733e-05  1.726e-05  3.073e-01  5.257e-03 
 6.900e-10  1.389e-01  7.824e-07  2.337e-07  1.713e+00 -1.947e+06 -2.806e+02 -1.966e+02  2.473e-08 -8.190e-08  1.168e-03  2.009e-03  2.010e-03  9.718e-02  1.754e-05  1.752e-05  1.741e-05  3.056e-01  5.321e-03 
 7.100e-10  1.422e-01  2.907e-07  9.901e-07  1.719e+00 -1.905e+06 -2.716e+02 -8.581e+01  2.183e-08  1.553e-08  1.379e-03  2.018e-03  2.018e-03  9.844e-02  1.787e-05  1.783e-05  1.768e-05  3.005e-01  5.385e-03 
 7.300e-10  1.467e-01  2.749e-07  1.028e-06  1.731e+00 -1.836e+06 -1.143e+02  3.082e+01 -3.224e-08 -1.096e-08  1.642e-03  2.025e-03  2.025e-03  9.916e-02  1.840e-05  1.837e-05  1.813e-05  2.885e-01  5.450e-03 
 7.500e-10  1.513e-01  2.637e-07  1.064e-06  1.744e+00 -1.768e+06  1.832e+02  6.413e+01 -1.161e-08 -1.906e-08  1.949e-03  2.032e-03  2.033e-03  9.980e-02  1.904e-05  1.903e-05  1.867e-05  2.755e-01  5.514e-03 
 7.700e-10  1.560e-01  2.482e-07  1.096e-06  1.756e+00 -1.699e+06  2.648e+02 -2.673e+01  5.054e-09 -1.674e-08  2.303e-03  2.040e-03  2.040e-03  1.004e-01  1.982e-05  1.983e-05  1.931e-05  2.616e-01  5.578e-03 
 7.900e-10  1.607e-01  2.260e-07  1.126e-06  1.768e+00 -1.629e+06  1.867e+02  6.836e+00  7.457e-08 -6.653e-08  2.707e-03  2.048e-03  2.049e-03  1.009e-01  2.077e-05  2.080e-05  2.005e-05  2.467e-01  5.642e-03 
 8.100e-10  1.655e-01  2.006e-07  1.151e-06  1.780e+00 -1.556e+06 -7.731e+01  1.341e+02  5.853e-08 -2.660e-08  3.159e-03  2.057e-03  2.057e-03  1.013e-01  2.188e-05  2.193e-05  2.089e-05  2.309e-01  5.705e-03 
 8.300e-10  1.704e-01  1.809e-07  1.166e-06  1.792e+00 -1.480e+06 -3.844e+02  1.579e+02  6.649e-08  1.276e-08  3.655e-03  2.066e-03  2.066e-03  1.016e-01  2.314e-05  2.321e-05  2.181e-05  2.141e-01  5.766e-03 
 8.500e-10  1.752e-01  1.758e-07  1.171e-06  1.803e+00 -1.399e+06 -4.336e+02  7.022e+01  6.977e-08  5.188e-09  4.193e-03  2.075e-03  2.076e-03  1.019e-01  2.453e-05  2.460e-05  2.276e-05  1.965e-01  5.825e-03 
 8.700e-10  1.802e-01  1.849e-07  1.168e-06  1.814e+00 -1.312e+06 -2.253e+02  1.273e+02  6.943e-08  3.765e-08  4.765e-03  2.086e-03  2.086e-03  1.022e-01  2.599e-05  2.605e-05  2.369e-05  1.779e-01  5.881e-03 
 8.900e-10  1.851e-01  2.004e-07  1.157e-06  1.825e+00 -1.217e+06 -8.340e+01  3.692e+02  5.031e-08  4.528e-08  5.364e-03  2.096e-03  2.097e-03  1.024e-01  2.749e-05  2.754e-05  2.456e-05  1.586e-01  5.932e-03 
 9.100e-10  1.901e-01  2.164e-07  1.131e-06  1.835e+00 -1.114e+06 -1.501e+01  3.743e+02  3.798e-08  5.982e-08  5.981e-03  2.108e-03  2.109e-03  1.026e-01  2.899e-05  2.903e-05  2.534e-05  1.387e-01  5.978e-03 
 9.300e-10  1.951e-01  2.302e-07  1.091e-06  1.844e+00 -1.003e+06  5.392e+01  3.509e+02  3.468e-08  5.459e-08  6.609e-03  2.120e-03  2.121e-03  1.027e-01  3.045e-05  3.050e-05  2.601e-05  1.183e-01  6.017e-03 
 9.500e-10  2.001e-01  2.391e-07  1.039e-06  1.852e+00 -8.842e+05  1.955e+02  3.651e+02  1.955e-08  4.713e-08  7.238e-03  2.133e-03  2.134e-03  1.028e-01  3.186e-05  3.191e-05  2.654e-05  9.774e-02  6.048e-03 
 9.700e-10  2.051e-01  2.396e-07  9.787e-07  1.860e+00 -7.562e+05  1.728e+02  9.926e+01  1.042e-08  4.174e-08  7.860e-03  2.146e-03  2.147e-03  1.028e-01  3.320e-05  3.324e-05  2.694e-05  7.741e-02  6.071e-03 
 9.900e-10  2.102e-01  2.327e-07  9.192e-07  1.866e+00 -6.193e+05  1.701e+02 -2.150e+02 -1.829e-09  3.316e-08  8.465e-03  2.159e-03  2.160e-03  1.029e-01  3.444e-05  3.446e-05  2.720e-05  5.780e-02  6.084e-03 
 1.010e-09  2.153e-01  2.191e-07  8.711e-07  1.871e+00 -4.742e+05  2.316e+02 -2.876e+02  6.589e-09  3.083e-08  9.045e-03  2.172e-03  2.173e-03  1.029e-01  3.555e-05  3.555e-05  2.732e-05  3.965e-02  6.087e-03 
 1.030e-09  2.203e-01  1.980e-07  8.362e-07  1.875e+00 -3.253e+05  1.375e+02 -2.015e+02  1.163e-08  2.349e-08  9.593e-03  2.186e-03  2.187e-03  1.029e-01  3.655e-05  3.653e-05  2.735e-05  2.407e-02  6.080e-03 
 1.050e-09  2.254e-01  1.742e-07  8.111e-07  1.878e+00 -1.870e+05 -1.129e+02 -1.535e+02  1.194e-09  2.592e-08  1.010e-02  2.199e-03  2.200e-03  1.029e-01  3.748e-05  3.745e-05  2.739e-05  1.250e-02  6.063e-03 
 1.070e-09  2.305e-01  1.552e-07  7.939e-07  1.879e+00 -8.714e+04 -1.275e+02 -2.225e+02 -4.894e-09  2.537e-08  1.057e-02  2.212e-03  2.213e-03  1.029e-01  3.841e-05  3.838e-05  2.758e-05  5.859e-03  6.044e-03 
 1.090e-09  2.356e-01  1.416e-07  7.849e-07  1.879e+00 -3.727e+04 -5.438e+01 -1.295e+02 -1.603e-08  2.499e-08  1.098e-02  2.224e-03  2.225e-03  1.029e-01  3.929e-05  3.926e-05  2.786e-05  3.089e-03  6.054e-03 
 1.110e-09  2.406e-01  1.306e-07  7.809e-07  1.880e+00 -1.717e+04 -1.893e+01 -4.911e+01 -3.027e-08  1.423e-08  1.135e-02  2.235e-03  2.237e-03  1.029e-01  4.004e-05  4.001e-05  2.812e-05  2.151e-03  6.055e-03 
 1.130e-09  2.457e-01  1.210e-07  7.784e-07  1.880e+00 -8.812e+03 -6.783e+00 -1.858e+01 -3.549e-08 -1.809e-09  1.167e-02  2.246e-03  2.247e-03  1.029e-01  4.064e-05  4.061e-05  2.834e-05  1.847e-03  6.045e-03 
 1.150e-09  2.508e-01  1.121e-07  7.761e-07  1.880e+00 -4.902e+03 -2.310e+00 -7.234e+00 -5.694e-08 -2.021e-08  1.195e-02  2.256e-03  2.257e-03  1.029e-01  4.109e-05  4.106e-05  2.851e-05  1.742e-03  6.025e-03 
 1.170e-09  2.559e-01  1.039e-07  7.734e-07  1.880e+00 -2.866e+03 -1.073e+00 -3.096e+00 -5.639e-08 -3.475e-08  1.219e-02  2.264e-03  2.265e-03  1.029e-01  4.141e-05  4.138e-05  2.865e-05  1.704e-03  5.995e-03 
 1.190e-09  2.609e-01  9.629e-08  7.700e-07  1.880e+00 -1.725e+03  1.484e-01 -1.195e+00 -7.136e-08 -4.838e-08  1.239e-02  2.272e-03  2.273e-03  1.029e-01  4.163e-05  4.161e-05  2.878e-05  1.691e-03  5.957e-03 
 1.210e-09  2.660e-01  8.935e-08  7.659e-07  1.880e+00 -1.054e+03 -6.730e-02 -1.068e+01 -6.685e-08 -7.147e-08  1.255e-02  2.279e-03  2.280e-03  1.029e-01  4.177e-05  4.175e-05  2.891e-05  1.689e-03  5.912e-03 
 1.230e-09  2.711e-01  8.314e-08  7.610e-07  1.880e+00 -6.508e+02 -1.052e+01 -1.056e+01 -4.215e-08 -7.376e-08  1.269e-02  2.285e-03  2.286e-03  1.029e-01  4.183e-05  4.182e-05  2.903e-05  1.692e-03  5.897e-03 
 1.250e-09  2.762e-01  7.777e-08  7.554e-07  1.880e+00 -4.024e+02 -1.676e+00 -1.811e+00 -6.734e-08 -2.333e-08  1.281e-02  2.290e-03  2.291e-03  1.029e-01  4.184e-05  4.183e-05  2.914e-05  1.699e-03  5.909e-03 
 1.270e-09  2.812e-01  7.321e-08  7.491e-07  1.880e+00 -2.486e+02 -1.725e+00 -1.871e+00 -6.926e-08 -1.958e-08  1.291e-02  2.294e-03  2.295e-03  1.029e-01  4.180e-05  4.179e-05  2.926e-05  1.706e-03  5.912e-03 
 1.290e-09  2.863e-01  6.953e-08  7.422e-07  1.880e+00 -1.528e+02 -1.216e+00 -1.649e+00 -8.095e-08 -1.833e-08  1.299e-02  2.298e-03  2.298e-03  1.029e-01  4.172e-05  4.172e-05  2.936e-05  1.715e-03  5.905e-03 
 1.310e-09  2.914e-01  6.680e-08  7.345e-07  1.880e+00 -9.304e+01 -7.115e-01 -8.657e-01 -9.453e-08 -1.871e-08  1.306e-02  2.301e-03  2.301e-03  1.029e-01  4.161e-05  4.161e-05  2.946e-05  1.724e-03  5.888e-03 
 1.330e-09  2.965e-01  6.501e-08  7.260e-07  1.880e+00 -5.569e+01 -8.543e-02 -1.162e+00 -9.813e-08 -4.097e-08  1.311e-02  2.303e-03  2.303e-03  1.029e-01  4.147e-05  4.148e-05  2.955e-05  1.734e-03  5.862e-03 
 1.350e-09  3.015e-01  6.412e-08  7.165e-07  1.880e+00 -3.237e+01 -2.445e-02 -1.432e+00 -1.055e-07 -4.999e-08  1.316e-02  2.304e-03  2.304e-03  1.029e-01  4.130e-05  4.132e-05  2.962e-05  1.744e-03  5.827e-03 
 1.370e-09  3.066e-01  6.409e-08  7.058e-07  1.880e+00 -1.784e+01  1.497e-01 -1.049e+00 -1.039e-07 -5.992e-08  1.320e-02  2.305e-03  2.305e-03  1.029e-01  4.111e-05  4.115e-05  2.968e-05  1.754e-03  5.785e-03 
 1.390e-09  3.117e-01  6.477e-08  6.940e-07  1.880e+00 -1.056e+01 -5.126e-01 -1.224e+00 -8.738e-08 -5.824e-08  1.323e-02  2.304e-03  2.305e-03  1.029e-01  4.091e-05  4.095e-05  2.971e-05  1.765e-03  5.737e-03 
 1.410e-09  3.168e-01  6.598e-08  6.811e-07  1.880e+00 -5.168e+00 -5.608e-01 -1.224e+00 -7.203e-08 -4.253e-08  1.326e-02  2.304e-03  2.304e-03  1.029e-01  4.069e-05  4.074e-05  2.973e-05  1.776e-03  5.683e-03 
 1.430e-09  3.219e-01  6.755e-08  6.673e-07  1.880e+00 -2.062e+00 -6.875e-01 -1.079e+00 -7.031e-08 -1.764e-08  1.329e-02  2.302e-03  2.302e-03  1.029e-01  4.046e-05  4.051e-05  2.974e-05  1.787e-03  5.626e-03 
 1.450e-09  3.269e-01  6.934e-08  6.527e-07  1.880e+00 -6.792e-01 -1.770e-02 -6.039e-01 -5.671e-08  2.779e-08  1.331e-02  2.300e-03  2.300e-03  1.029e-01  4.022e-05  4.026e-05  2.972e-05  1.797e-03  5.565e-03 
 1.470e-09  3.320e-01  7.123e-08  6.379e-07  1.880e+00 -4.068e-01 -2.647e-01 -9.403e+00 -6.629e-08  3.259e-08  1.333e-02  2.297e-03  2.297e-03  1.029e-01  3.997e-05  4.000e-05  2.968e-05  1.809e-03  5.502e-03 
 1.490e-09  3.371e-01  7.324e-08  6.231e-07  1.880e+00 -2.082e-01 -8.056e+00 -9.828e+00 -4.212e-08  7.144e-08  1.334e-02  2.294e-03  2.294e-03  1.029e-01  3.971e-05  3.973e-05  2.963e-05  1.820e-03  5.438e-03 
 1.510e-09  3.422e-01  7.546e-08  6.088e-07  1.880e+00 -3.198e-02 -8.496e+00 -9.118e+00 -4.870e-08  1.058e-07  1.335e-02  2.290e-03  2.290e-03  1.029e-01  3.944e-05  3.945e-05  2.955e-05  1.831e-03  5.373e-03 
 1.530e-09  3.472e-01  7.795e-08  5.951e-07  1.880e+00  1.216e-01 -8.840e+00 -6.582e-02 -3.951e-08  1.552e-07  1.336e-02  2.286e-03  2.286e-03  1.029e-01  3.916e-05  3.916e-05  2.946e-05  1.842e-03  5.316e-03 
 1.550e-09  3.523e-01  8.069e-08  5.822e-07  1.880e+00  2.554e-01  3.670e-01  4.374e-01 -5.788e-08  1.637e-07  1.337e-02  2.281e-03  2.281e-03  1.029e-01  3.887e-05  3.886e-05  2.935e-05  1.854e-03  5.262e-03 
 1.570e-09  3.574e-01  8.357e-08  5.702e-07  1.880e+00 -1.201e+00  1.163e+00 -8.416e-03 -4.756e-08  1.707e-07  1.338e-02  2.275e-03  2.276e-03  1.029e-01  3.857e-05  3.855e-05  2.922e-05  1.865e-03  5.204e-03 
 1.590e-09  3.625e-01  8.654e-08  5.590e-07  1.880e+00 -1.090e+00  1.005e+00 -6.549e-01 -3.694e-08  1.745e-07  1.339e-02  2.269e-03  2.270e-03  1.029e-01  3.825e-05  3.825e-05  2.908e-05  1.877e-03  5.156e-03 
 1.610e-09  3.675e-01  8.959e-08  5.488e-07  1.880e+00 -8.986e-01  1.502e+00  2.927e-01 -3.510e-08  1.812e-07  1.339e-02  2.263e-03  2.263e-03  1.029e-01  3.792e-05  3.793e-05  2.892e-05  1.888e-03  5.125e-03 
 1.630e-09  3.726e-01  9.279e-08  5.395e-07  1.880e+00 -7.050e-01  2.856e+00  6.574e-01 -4.501e-08  1.833e-07  1.339e-02  2.256e-03  2.256e-03  1.029e-01  3.759e-05  3.761e-05  2.874e-05  1.900e-03  5.134e-03 
 1.650e-09  3.777e-01  9.630e-08  5.312e-07  1.880e+00 -5.268e-01  2.915e+00  1.241e+00 -5.972e-08  1.798e-07  1.339e-02  2.248e-03  2.249e-03  1.029e-01  3.724e-05  3.727e-05  2.855e-05  1.912e-03  5.134e-03 
 1.670e-09  3.828e-01  1.004e-07  5.239e-07  1.880e+00 -3.609e-01  2.396e+00  7.421e-01 -7.773e-08  1.646e-07  1.338e-02  2.240e-03  2.241e-03  1.029e-01  3.689e-05  3.693e-05  2.834e-05  1.924e-03  5.126e-03 
 1.690e-09  3.878e-01  1.054e-07  5.174e-07  1.880e+00 -2.090e-01  1.262e+00  8.495e-01 -9.231e-08  1.407e-07  1.338e-02  2.232e-03  2.232e-03  1.029e-01  3.654e-05  3.657e-05  2.812e-05  1.936e-03  5.110e-03 
 1.710e-09  3.929e-01  1.115e-07  5.114e-07  1.880e+00 -7.244e-02  5.377e-01  1.265e+00 -9.963e-08  1.093e-07  1.337e-02  2.223e-03  2.223e-03  1.029e-01  3.618e-05  3.620e-05  2.788e-05  1.948e-03  5.086e-03 
 1.730e-09  3.980e-01  1.190e-07  5.055e-07  1.880e+00  5.124e-02  6.982e-01  3.790e-01 -9.655e-08  7.081e-08  1.336e-02  2.214e-03  2.214e-03  1.029e-01  3.582e-05  3.582e-05  2.763e-05  1.960e-03  5.054e-03 
 1.750e-09  4.031e-01  1.277e-07  4.994e-07  1.880e+00  1.622e-01  4.295e-01  3.165e-01 -7.440e-08  3.778e-08  1.335e-02  2.204e-03  2.204e-03  1.029e-01  3.544e-05  3.543e-05  2.736e-05  1.972e-03  5.016e-03 
 1.770e-09  4.082e-01  1.374e-07  4.926e-07  1.880e+00  2.613e-01  9.104e-01 -1.856e-01 -4.309e-08  1.163e-08  1.333e-02  2.194e-03  2.194e-03  1.029e-01  3.506e-05  3.503e-05  2.708e-05  1.984e-03  4.972e-03 
 1.790e-09  4.132e-01  1.478e-07  4.847e-07  1.880e+00 -1.142e+00 -1.067e-01  1.019e+00 -1.117e-08 -5.572e-09  1.332e-02  2.183e-03  2.183e-03  1.029e-01  3.467e-05  3.463e-05  2.679e-05  1.997e-03  4.924e-03 
 1.810e-09  4.183e-01  1.583e-07  4.757e-07  1.880e+00 -1.040e+00 -6.597e-01  1.423e+00  3.608e-08  1.996e-10  1.330e-02  2.172e-03  2.172e-03  1.029e-01  3.427e-05  3.423e-05  2.648e-05  2.009e-03  4.890e-03 
 1.830e-09  4.234e-01  1.682e-07  4.655e-07  1.880e+00 -8.824e-01  7.434e+00  1.460e+00  5.138e-08 -2.621e-09  1.328e-02  2.160e-03  2.161e-03  1.029e-01  3.385e-05  3.382e-05  2.617e-05  2.022e-03  4.859e-03 
 1.850e-09  4.285e-01  1.771e-07  4.542e-07  1.880e+00 -7.306e-01  7.585e+00  1.295e+00  6.900e-08  9.664e-09  1.325e-02  2.148e-03  2.149e-03  1.029e-01  3.343e-05  3.340e-05  2.584e-05  2.034e-03  4.823e-03 
 1.870e-09  4.335e-01  1.843e-07  4.421e-07  1.880e+00 -5.879e-01  8.150e+00  8.893e-01  8.887e-08  2.895e-08  1.322e-02  2.136e-03  2.136e-03  1.029e-01  3.300e-05  3.298e-05  2.550e-05  2.047e-03  4.781e-03 
 1.890e-09  4.386e-01  1.894e-07  4.296e-07  1.880e+00 -4.538e-01  8.964e+00  1.016e+00  1.185e-07  2.818e-08  1.319e-02  2.123e-03  2.123e-03  1.029e-01  3.256e-05  3.254e-05  2.515e-05  2.060e-03  4.735e-03 
 1.910e-09  4.437e-01  1.922e-07  4.170e-07  1.880e+00 -3.280e-01  9.368e+00  2.979e-01  1.205e-07  2.893e-08  1.315e-02  2.110e-03  2.110e-03  1.029e-01  3.211e-05  3.210e-05  2.479e-05  2.073e-03  4.687e-03 
 1.930e-09  4.488e-01  1.926e-07  4.049e-07  1.880e+00 -2.118e-01  9.600e+00  3.910e-01  1.461e-07  4.060e-08  1.311e-02  2.096e-03  2.097e-03  1.029e-01  3.166e-05  3.165e-05  2.443e-05  2.086e-03  4.655e-03 
 1.950e-09  4.538e-01  1.906e-07  3.936e-07  1.880e+00 -1.033e-01  6.649e-01  9.198e+00  1.814e-07  7.474e-08  1.306e-02  2.082e-03  2.083e-03  1.029e-01  3.119e-05  3.118e-05  2.405e-05  2.099e-03  4.631e-03 
 1.970e-09  4.589e-01  1.862e-07  3.835e-07  1.880e+00 -3.021e-03  1.798e+00  9.680e+00  1.985e-07  9.105e-08  1.300e-02  2.068e-03  2.068e-03  1.030e-01  3.072e-05  3.071e-05  2.367e-05  2.112e-03  4.602e-03 
 1.990e-09  4.640e-01  1.797e-07  3.750e-07  1.880e+00  8.915e-02  1.483e+00  9.655e+00  1.974e-07  1.132e-07  1.292e-02  2.053e-03  2.053e-03  1.030e-01  3.023e-05  3.022e-05  2.329e-05  2.125e-03  4.566e-03 
 2.010e-09  4.691e-01  1.714e-07  3.686e-07  1.880e+00  1.735e-01  1.731e+00  1.384e+00  1.979e-07  1.233e-07  1.284e-02  2.037e-03  2.038e-03  1.030e-01  2.973e-05  2.971e-05  2.289e-05  2.138e-03  4.544e-03 
 2.030e-09  4.742e-01  1.615e-07  3.648e-07  1.880e+00  2.510e-01  2.056e+00  9.160e-01  1.720e-07  1.547e-07  1.273e-02  2.022e-03  2.022e-03  1.030e-01  2.921e-05  2.919e-05  2.250e-05  2.151e-03  4.529e-03 
 2.050e-09  4.792e-01  1.506e-07  3.640e-07  1.880e+00  3.227e-01  2.347e+00  7.106e-01  1.247e-07  1.774e-07  1.261e-02  2.005e-03  2.006e-03  1.030e-01  2.866e-05  2.864e-05  2.209e-05  2.165e-03  4.508e-03 
 2.070e-09  4.843e-01  1.393e-07  3.665e-07  1.880e+00 -1.016e+00  1.731e+00  9.837e-01  8.181e-08  1.847e-07  1.246e-02  1.989e-03  1.989e-03  1.030e-01  2.809e-05  2.807e-05  2.168e-05  2.178e-03  4.509e-03 
 2.090e-09  4.894e-01  1.284e-07  3.721e-07  1.880e+00 -8.885e-01  6.353e-01  6.281e-01  3.080e-08  1.670e-07  1.228e-02  1.972e-03  1.972e-03  1.030e-01  2.748e-05  2.746e-05  2.126e-05  2.192e-03  4.504e-03 
 2.110e-09  4.945e-01  1.185e-07  3.810e-07  1.880e+00 -7.767e-01 -2.852e-01  8.707e-01 -7.508e-09  1.410e-07  1.207e-02  1.954e-03  1.955e-03  1.030e-01  2.682e-05  2.681e-05  2.082e-05  2.205e-03  4.492e-03 
 2.130e-09  4.995e-01  1.103e-07  3.925e-07  1.880e+00 -6.607e-01 -1.276e+00  1.329e+00 -5.306e-08  9.006e-08  1.182e-02  1.936e-03  1.937e-03  1.030e-01  2.612e-05  2.611e-05  2.036e-05  2.219e-03  4.473e-03 
 2.150e-09  5.046e-01  1.043e-07  4.062e-07  1.880e+00 -5.501e-01 -8.076e-01 -9.064e-02 -7.119e-08  3.838e-08  1.152e-02  1.918e-03  1.918e-03  1.030e-01  2.535e-05  2.535e-05  1.987e-05  2.233e-03  4.448e-03 
 2.170e-09  5.097e-01  1.009e-07  4.213e-07  1.880e+00 -4.409e-01 -5.686e-01  8.940e+00 -9.131e-08  1.106e-08  1.118e-02  1.899e-03  1.899e-03  1.030e-01  2.451e-05  2.451e-05  1.933e-05  2.247e-03  4.418e-03 
 2.190e-09  5.148e-01  1.004e-07  4.371e-07  1.880e+00 -3.435e-01  1.034e+01  8.914e+00 -1.410e-07 -3.556e-08  1.079e-02  1.880e-03  1.880e-03  1.030e-01  2.359e-05  2.359e-05  1.873e-05  2.261e-03  4.383e-03 
 2.210e-09  5.198e-01  1.027e-07  4.527e-07  1.880e+00 -2.477e-01  1.042e+01  9.704e+00 -1.407e-07 -6.287e-08  1.034e-02  1.860e-03  1.861e-03  1.030e-01  2.258e-05  2.258e-05  1.806e-05  2.275e-03  4.345e-03 
 2.230e-09  5.249e-01  1.079e-07  4.674e-07  1.880e+00 -1.595e-01  1.013e+01  4.500e-02 -1.497e-07 -1.184e-07  9.855e-03  1.841e-03  1.841e-03  1.030e-01  2.148e-05  2.148e-05  1.732e-05  2.289e-03  4.303e-03 
 2.250e-09  5.300e-01  1.158e-07  4.806e-07  1.880e+00 -7.632e-02  1.001e+01 -1.368e-01 -1.367e-07 -1.355e-07  9.324e-03  1.820e-03  1.821e-03  1.030e-01  2.030e-05  2.029e-05  1.651e-05  2.303e-03  4.260e-03 
 2.270e-09  5.351e-01  1.261e-07  4.918e-07  1.880e+00  1.280e-03  1.281e-01 -1.803e-01 -1.085e-07 -1.558e-07  8.757e-03  1.800e-03  1.800e-03  1.030e-01  1.904e-05  1.903e-05  1.562e-05  2.317e-03  4.240e-03 
 2.290e-09  5.402e-01  1.385e-07  5.003e-07  1.880e+00  7.434e-02 -1.495e-01 -1.326e-01 -9.158e-08 -1.663e-07  8.161e-03  1.779e-03  1.780e-03  1.030e-01  1.771e-05  1.770e-05  1.465e-05  2.332e-03  4.228e-03 
 2.310e-09  5.452e-01  1.524e-07  5.058e-07  1.880e+00  1.443e-01 -5.994e-01 -1.328e-01 -5.753e-08 -1.843e-07  7.544e-03  1.759e-03  1.759e-03  1.030e-01  1.634e-05  1.632e-05  1.363e-05  2.347e-03  4.209e-03 
 2.330e-09  5.503e-01  1.670e-07  5.080e-07  1.880e+00  2.097e-01 -1.149e+00 -1.096e-01 -2.746e-08 -1.934e-07  6.915e-03  1.738e-03  1.738e-03  1.030e-01  1.492e-05  1.491e-05  1.256e-05  2.361e-03  4.185e-03 
 2.350e-09  5.554e-01  1.816e-07  5.071e-07  1.880e+00  2.711e-01 -1.522e+00 -4.777e-01  2.401e-08 -1.951e-07  6.282e-03  1.717e-03  1.717e-03  1.030e-01  1.350e-05  1.349e-05  1.145e-05  2.376e-03  4.155e-03 
 2.370e-09  5.605e-01  1.953e-07  5.030e-07  1.880e+00  3.274e-01 -1.650e+00 -2.931e-01  5.121e-08 -1.813e-07  5.656e-03  1.696e-03  1.696e-03  1.030e-01  1.209e-05  1.208e-05  1.034e-05  2.391e-03  4.121e-03 
 2.390e-09  5.655e-01  2.076e-07  4.963e-07  1.880e+00 -9.536e-01 -1.483e+00 -9.120e-01  9.168e-08 -1.514e-07  5.044e-03  1.675e-03  1.675e-03  1.030e-01  1.072e-05  1.070e-05  9.233e-06  2.406e-03  4.084e-03 
 2.410e-09  5.706e-01  2.180e-07  4.875e-07  1.880e+00 -8.538e-01 -1.358e+00 -1.142e+00  1.065e-07 -1.240e-07  4.456e-03  1.654e-03  1.654e-03  1.030e-01  9.402e-06  9.388e-06  8.158e-06  2.421e-03  4.044e-03 
 2.430e-09  5.757e-01  2.261e-07  4.772e-07  1.880e+00 -7.558e-01 -1.252e+00 -8.590e-01  1.273e-07 -8.625e-08  3.899e-03  1.634e-03  1.634e-03  1.030e-01  8.170e-06  8.155e-06  7.139e-06  2.436e-03  4.002e-03 
 2.450e-09  5.808e-01  2.320e-07  4.659e-07  1.880e+00 -6.693e-01 -1.147e+00 -1.046e+00  1.170e-07 -6.701e-08  3.381e-03  1.614e-03  1.614e-03  1.030e-01  7.042e-06  7.026e-06  6.195e-06  2.452e-03  3.959e-03 
 2.470e-09  5.858e-01  2.357e-07  4.542e-07  1.880e+00 -5.796e-01 -1.293e+00 -1.022e+00  1.013e-07 -4.476e-08  2.906e-03  1.594e-03  1.594e-03  1.030e-01  6.035e-06  6.016e-06  5.346e-06  2.467e-03  3.915e-03 
 2.490e-09  5.909e-01  2.376e-07  4.423e-07  1.880e+00 -4.928e-01 -1.242e+00 -8.531e-01  8.843e-08 -1.753e-08  2.480e-03  1.575e-03  1.574e-03  1.030e-01  5.161e-06  5.138e-06  4.606e-06  2.483e-03  3.870e-03 
 2.510e-09  5.960e-01  2.379e-07  4.305e-07  1.880e+00 -4.084e-01 -1.538e+00 -4.286e-01  7.236e-08 -5.702e-09  2.102e-03  1.555e-03  1.555e-03  1.030e-01  4.426e-06  4.396e-06  3.981e-06  2.499e-03  3.826e-03 
 2.530e-09  6.011e-01  2.369e-07  4.190e-07  1.880e+00 -3.298e-01 -1.742e+00 -6.009e-01  5.432e-08  3.803e-09  1.773e-03  1.537e-03  1.536e-03  1.030e-01  3.827e-06  3.789e-06  3.474e-06  2.514e-03  3.782e-03 
 2.550e-09  6.062e-01  2.350e-07  4.078e-07  1.880e+00 -2.540e-01 -1.934e+00 -8.785e-01  4.359e-08 -2.525e-09  1.491e-03  1.518e-03  1.518e-03  1.030e-01  3.356e-06  3.310e-06  3.078e-06  2.530e-03  3.738e-03 
 2.570e-09  6.112e-01  2.324e-07  3.970e-07  1.880e+00 -1.840e-01 -1.535e+00 -8.066e-01  2.486e-08  5.704e-09  1.252e-03  1.500e-03  1.500e-03  1.030e-01  2.999e-06  2.945e-06  2.782e-06  2.546e-03  3.695e-03 
 2.590e-09  6.163e-01  2.292e-07  3.865e-07  1.880e+00 -1.125e-01 -1.840e+00 -9.653e-01  2.685e-08  4.168e-09  1.050e-03  1.483e-03  1.482e-03  1.030e-01  2.740e-06  2.677e-06  2.569e-06  2.562e-03  3.652e-03 
 2.610e-09  6.214e-01  2.257e-07  3.763e-07  1.880e+00 -4.878e-02 -1.906e+00 -8.318e-01  1.298e-08  4.605e-09  8.816e-04  1.466e-03  1.465e-03  1.030e-01  2.558e-06  2.488e-06  2.423e-06  2.578e-03  3.610e-03 
 2.630e-09  6.265e-01  2.218e-07  3.663e-07  1.880e+00  1.603e-02 -1.698e+00 -8.438e-01  1.397e-08 -3.899e-09  7.412e-04  1.449e-03  1.448e-03  1.030e-01  2.436e-06  2.360e-06  2.327e-06  2.594e-03  3.568e-03 
 2.650e-09  6.315e-01  2.178e-07  3.564e-07  1.880e+00  7.569e-02 -1.838e+00 -8.518e-01  4.528e-09 -3.827e-09  6.242e-04  1.433e-03  1.432e-03  1.030e-01  2.359e-06  2.277e-06  2.268e-06  2.611e-03  3.527e-03 
 2.670e-09  6.366e-01  2.136e-07  3.467e-07  1.880e+00  1.323e-01 -1.935e+00 -1.065e+00  7.005e-09 -4.638e-09  5.268e-04  1.417e-03  1.416e-03  1.030e-01  2.312e-06  2.227e-06  2.235e-06  2.627e-03  3.487e-03 
 2.690e-09  6.417e-01  2.093e-07  3.371e-07  1.880e+00  1.858e-01 -1.983e+00 -1.208e+00  5.904e-09 -1.040e-08  4.453e-04  1.402e-03  1.401e-03  1.030e-01  2.288e-06  2.200e-06  2.220e-06  2.643e-03  3.447e-03 
 2.710e-09  6.468e-01  2.050e-07  3.275e-07  1.880e+00  2.359e-01 -2.096e+00 -8.641e-01  8.718e-09 -3.938e-09  3.770e-04  1.387e-03  1.386e-03  1.030e-01  2.279e-06  2.189e-06  2.217e-06  2.660e-03  3.408e-03 
 2.730e-09  6.519e-01  2.006e-07  3.180e-07  1.880e+00  2.835e-01 -2.131e+00 -7.512e-01  2.295e-09 -6.047e-09  3.194e-04  1.373e-03  1.372e-03  1.030e-01  2.281e-06  2.190e-06  2.224e-06  2.676e-03  3.370e-03 
 2.750e-09  6.569e-01  1.961e-07  3.085e-07  1.880e+00  3.262e-01 -2.338e+00 -9.577e-01  8.152e-09 -4.800e-09  2.707e-04  1.359e-03  1.358e-03  1.030e-01  2.290e-06  2.198e-06  2.236e-06  2.693e-03  3.332e-03 
 2.770e-09  6.620e-01  1.916e-07  2.990e-07  1.880e+00 -8.875e-01 -1.508e+01 -8.349e-01  4.353e-08 -3.975e-09  2.293e-04  1.345e-03  1.345e-03  1.030e-01  2.305e-06  2.212e-06  2.253e-06  2.709e-03  3.295e-03 
 2.790e-09  6.671e-01  1.871e-07  2.895e-07  1.880e+00 -8.507e-01 -1.471e+01 -7.157e-01  4.524e-08 -1.124e-08  1.939e-04  1.332e-03  1.332e-03  1.030e-01  2.323e-06  2.230e-06  2.272e-06  2.726e-03  3.259e-03 
 2.810e-09  6.722e-01  1.828e-07  2.800e-07  1.880e+00 -7.715e-01 -1.513e+01 -6.473e-01  4.078e-08 -9.585e-09  1.635e-04  1.320e-03  1.319e-03  1.030e-01  2.344e-06  2.251e-06  2.294e-06  2.743e-03  3.224e-03 
 2.830e-09  6.772e-01  1.785e-07  2.705e-07  1.880e+00 -6.956e-01 -1.499e+01 -1.011e+00  4.434e-08  8.662e-11  1.374e-04  1.308e-03  1.307e-03  1.030e-01  2.367e-06  2.274e-06  2.318e-06  2.760e-03  3.190e-03 
 2.850e-09  6.823e-01  1.744e-07  2.610e-07  1.880e+00 -6.178e-01 -1.519e+01 -6.441e-01  3.707e-08 -3.036e-09  1.148e-04  1.297e-03  1.296e-03  1.030e-01  2.391e-06  2.299e-06  2.344e-06  2.777e-03  3.156e-03 
 2.870e-09  6.874e-01  1.705e-07  2.515e-07  1.880e+00 -5.462e-01 -1.445e+01 -1.365e+01  3.838e-08 -3.743e-08  9.529e-05  1.286e-03  1.285e-03  1.030e-01  2.416e-06  2.325e-06  2.370e-06  2.794e-03  3.123e-03 
 2.890e-09  6.925e-01  1.667e-07  2.422e-07  1.880e+00 -4.768e-01 -1.436e+01 -1.373e+01  4.012e-08 -4.194e-08  7.840e-05  1.276e-03  1.275e-03  1.030e-01  2.442e-06  2.352e-06  2.396e-06  2.811e-03  3.091e-03 
 2.910e-09  6.975e-01  1.631e-07  2.331e-07  1.880e+00 -4.096e-01 -1.405e+01 -1.308e+01  4.111e-08 -3.442e-08  6.379e-05  1.266e-03  1.265e-03  1.030e-01  2.469e-06  2.379e-06  2.423e-06  2.828e-03  3.060e-03 
 2.930e-09  7.026e-01  1.596e-07  2.241e-07  1.880e+00 -3.411e-01 -1.424e+01 -1.313e+01  3.845e-08 -4.551e-08  5.118e-05  1.257e-03  1.256e-03  1.030e-01  2.495e-06  2.406e-06  2.450e-06  2.845e-03  3.029e-03 
 2.950e-09  7.077e-01  1.562e-07  2.152e-07  1.880e+00 -2.785e-01 -1.404e+01 -1.317e+01  3.411e-08 -4.209e-08  4.033e-05  1.248e-03  1.247e-03  1.030e-01  2.521e-06  2.434e-06  2.477e-06  2.862e-03  2.999e-03 
 2.970e-09  7.128e-01  1.529e-07  2.064e-07  1.880e+00 -2.179e-01 -8.420e-01  6.103e-01  2.254e-09 -1.908e-09  3.106e-05  1.240e-03  1.239e-03  1.030e-01  2.547e-06  2.461e-06  2.504e-06  2.880e-03  2.970e-03 
 2.990e-09  7.179e-01  1.496e-07  1.976e-07  1.880e+00 -1.604e-01 -7.082e-01  7.586e-01 -1.879e-09  2.508e-10  2.320e-05  1.233e-03  1.231e-03  1.030e-01  2.573e-06  2.488e-06  2.530e-06  2.897e-03  2.942e-03 
 3.010e-09  7.229e-01  1.463e-07  1.887e-07  1.880e+00 -1.043e-01 -4.174e-01  2.820e-01 -5.235e-10  3.813e-10  1.664e-05  1.226e-03  1.224e-03  1.030e-01  2.598e-06  2.514e-06  2.556e-06  2.914e-03  2.915e-03 
 3.030e-09  7.280e-01  1.431e-07  1.799e-07  1.880e+00 -5.315e-02  7.183e-01  3.940e-01 -4.408e-09  4.306e-09  1.127e-05  1.219e-03  1.217e-03  1.030e-01  2.623e-06  2.540e-06  2.581e-06  2.931e-03  2.889e-03 
 3.050e-09  7.331e-01  1.398e-07  1.711e-07  1.880e+00 -1.559e-03  1.052e+00  1.239e-01 -3.332e-09 -5.848e-09  7.001e-06  1.213e-03  1.211e-03  1.030e-01  2.646e-06  2.565e-06  2.606e-06  2.949e-03  2.863e-03 
 3.070e-09  7.382e-01  1.365e-07  1.622e-07  1.880e+00  4.833e-02  9.410e-01  6.489e-01 -6.927e-09 -8.748e-10  3.777e-06  1.208e-03  1.206e-03  1.030e-01  2.669e-06  2.590e-06  2.629e-06  2.966e-03  2.842e-03 
 3.090e-09  7.432e-01  1.333e-07  1.533e-07  1.880e+00  9.568e-02  1.458e+00  9.459e-01 -4.904e-09  4.252e-09  1.552e-06  1.203e-03  1.201e-03  1.031e-01  2.691e-06  2.613e-06  2.652e-06  2.984e-03  2.828e-03 
 3.110e-09  7.483e-01  1.301e-07  1.444e-07  1.880e+00  1.413e-01 -1.117e+01  9.894e-01  3.022e-08  2.050e-09  3.045e-07  1.199e-03  1.197e-03  1.031e-01  2.712e-06  2.636e-06  2.673e-06  3.001e-03  2.879e-03 
 3.130e-09  7.534e-01  1.270e-07  1.355e-07  1.880e+00  1.839e-01 -1.219e+01  1.143e+00  3.442e-08  3.229e-09  6.193e-14  1.195e-03  1.193e-03  1.031e-01  2.732e-06  2.657e-06  2.694e-06  3.018e-03  2.950e-03 
 3.150e-09  7.585e-01  1.241e-07  1.265e-07  1.880e+00  2.272e-01 -6.109e-02  6.988e-01  1.725e-10  1.974e-09  1.454e-15  1.192e-03  1.190e-03  1.031e-01  2.750e-06  2.677e-06  2.713e-06  3.036e-03  3.021e-03 
 3.170e-09  7.635e-01  1.212e-07  1.175e-07  1.880e+00  2.663e-01  1.006e-01  4.168e-01 -2.842e-10  1.177e-09  1.899e-16  1.190e-03  1.188e-03  1.031e-01  2.767e-06  2.696e-06  2.731e-06  3.053e-03  3.093e-03 
 3.190e-09  7.686e-01  1.183e-07  1.086e-07  1.880e+00  3.095e-01  1.276e+01 -3.825e-01 -3.603e-08 -1.080e-09 -6.369e-14  1.188e-03  1.186e-03  1.031e-01  2.783e-06  2.713e-06  2.748e-06  3.070e-03  3.165e-03 
 3.210e-09  7.737e-01  1.152e-07  9.959e-08  1.880e+00  3.440e-01  1.133e+01 -2.687e+00 -3.199e-08 -7.589e-09 -6.065e-14  1.187e-03  1.184e-03  1.031e-01  2.797e-06  2.730e-06  2.763e-06  3.088e-03  3.238e-03 
 3.230e-09  7.788e-01  1.120e-07  9.062e-08  1.880e+00 -8.831e-01  1.139e+01 -5.563e-01 -3.217e-08 -1.571e-09 -5.714e-14  1.186e-03  1.184e-03  1.031e-01  2.810e-06  2.744e-06  2.777e-06  3.105e-03  3.310e-03 
 3.250e-09  7.839e-01  1.087e-07  8.167e-08  1.880e+00 -8.172e-01  1.135e+01 -2.567e+00 -3.206e-08 -7.252e-09 -6.076e-14  1.186e-03  1.183e-03  1.031e-01  2.821e-06  2.757e-06  2.789e-06  3.123e-03  3.384e-03 
 3.270e-09  7.889e-01  1.053e-07  7.272e-08  1.880e+00 -7.538e-01  1.102e+01  2.109e-01 -3.114e-08  5.958e-10 -5.376e-14  1.187e-03  1.184e-03  1.031e-01  2.831e-06  2.769e-06  2.800e-06  3.140e-03  3.457e-03 
 3.290e-09  7.940e-01  1.018e-07  6.377e-08  1.880e+00 -6.918e-01  5.118e-01  1.111e+01 -1.446e-09  3.139e-08  2.030e-14  1.188e-03  1.185e-03  1.031e-01  2.839e-06  2.779e-06  2.809e-06  3.157e-03  3.531e-03 
 3.310e-09  7.991e-01  9.814e-08  5.480e-08  1.880e+00 -6.317e-01  2.335e-01  8.124e-01 -6.596e-10  2.295e-09  5.168e-16  1.190e-03  1.186e-03  1.031e-01  2.846e-06  2.787e-06  2.816e-06  3.175e-03  3.606e-03 
 3.330e-09  8.042e-01  9.453e-08  4.582e-08  1.880e+00 -5.729e-01  2.455e+00 -1.380e+00 -6.935e-09 -3.898e-09 -1.494e-14  1.192e-03  1.189e-03  1.031e-01  2.851e-06  2.794e-06  2.822e-06  3.192e-03  3.680e-03 
 3.350e-09  8.092e-01  9.092e-08  3.684e-08  1.880e+00 -5.145e-01  1.330e+00  5.651e-01 -3.757e-09  1.596e-09 -5.388e-15  1.195e-03  1.191e-03  1.031e-01  2.855e-06  2.799e-06  2.827e-06  3.209e-03  3.755e-03 
 3.370e-09  8.143e-01  8.729e-08  2.788e-08  1.880e+00 -4.603e-01 -6.389e-01  2.898e+00  1.805e-09  8.185e-09  9.118e-15  1.198e-03  1.195e-03  1.031e-01  2.857e-06  2.803e-06  2.830e-06  3.227e-03  3.830e-03 
 3.390e-09  8.194e-01  8.367e-08  1.890e-08  1.880e+00 -4.066e-01 -5.349e-01  1.182e+00  1.511e-09  3.338e-09  5.074e-15  1.202e-03  1.199e-03  1.031e-01  2.857e-06  2.806e-06  2.831e-06  3.244e-03  3.906e-03 
 3.410e-09  8.245e-01  8.006e-08  9.894e-09  1.880e+00 -3.529e-01 -6.838e-01  6.755e-01  1.931e-09  1.908e-09  4.768e-15  1.207e-03  1.203e-03  1.031e-01  2.856e-06  2.806e-06  2.831e-06  3.261e-03  3.982e-03 
 3.430e-09  8.296e-01  7.645e-08  8.883e-10  1.880e+00 -3.017e-01  1.025e+00 -5.582e-01 -2.896e-09 -1.577e-09 -6.211e-15  1.212e-03  1.208e-03  1.031e-01  2.853e-06  2.806e-06  2.829e-06  3.278e-03  4.058e-03 
 3.450e-09  8.346e-01  7.284e-08 -8.077e-09  1.880e+00 -2.517e-01  2.077e+00 -1.083e+01 -5.867e-09 -3.059e-08 -3.250e-14  1.218e-03  1.214e-03  1.031e-01  2.849e-06  2.804e-06  2.826e-06  3.295e-03  4.134e-03 
 3.470e-09  8.397e-01  6.921e-08 -1.693e-08  1.880e+00 -2.019e-01  6.969e+00 -1.155e+01 -1.969e-08 -3.262e-08 -5.761e-14  1.224e-03  1.220e-03  1.031e-01  2.844e-06  2.800e-06  2.822e-06  3.313e-03  4.211e-03 
 3.490e-09  8.448e-01  6.555e-08 -2.573e-08  1.880e+00 -1.517e-01  2.881e-01  1.693e+00 -8.138e-10  4.782e-09  2.144e-15  1.231e-03  1.227e-03  1.031e-01  2.837e-06  2.795e-06  2.816e-06  3.329e-03  4.288e-03 
 3.510e-09  8.499e-01  6.187e-08 -3.453e-08  1.880e+00 -1.072e-01  8.532e+00 -2.057e+00 -2.410e-08 -5.811e-09 -4.552e-14  1.239e-03  1.234e-03  1.031e-01  2.828e-06  2.789e-06  2.809e-06  3.346e-03  4.366e-03 
 3.530e-09  8.549e-01  5.811e-08 -4.331e-08  1.880e+00 -6.343e-02 -3.035e-01 -1.273e+00  8.572e-10 -3.594e-09 -1.261e-15  1.247e-03  1.242e-03  1.031e-01  2.819e-06  2.781e-06  2.800e-06  3.363e-03  4.443e-03 
 3.550e-09  8.600e-01  5.435e-08 -5.209e-08  1.880e+00 -2.070e-02 -6.468e-02  7.438e-01  1.827e-10  2.101e-09  1.906e-15  1.255e-03  1.251e-03  1.031e-01  2.808e-06  2.772e-06  2.790e-06  3.380e-03  4.521e-03 
 3.570e-09  8.651e-01  5.062e-08 -6.088e-08  1.880e+00  1.922e-02  1.358e-01 -5.257e+00 -3.834e-10 -1.485e-08 -1.173e-14  1.264e-03  1.260e-03  1.031e-01  2.796e-06  2.762e-06  2.779e-06  3.397e-03  4.599e-03 
 3.590e-09  8.702e-01  4.689e-08 -6.964e-08  1.880e+00  5.847e-02  8.013e-01 -6.230e-01 -2.263e-09 -1.760e-09 -5.181e-15  1.274e-03  1.269e-03  1.031e-01  2.782e-06  2.750e-06  2.766e-06  3.413e-03  4.678e-03 
 3.610e-09  8.752e-01  4.316e-08 -7.840e-08  1.880e+00  9.667e-02  1.044e+00 -1.186e-01 -2.950e-09 -3.351e-10 -5.251e-15  1.284e-03  1.279e-03  1.031e-01  2.767e-06  2.737e-06  2.752e-06  3.430e-03  4.756e-03 
 3.630e-09  8.803e-01  3.938e-08 -8.719e-08  1.880e+00  1.166e-01  1.489e+00  1.273e+01 -4.205e-09  3.595e-08  2.013e-14  1.295e-03  1.290e-03  1.031e-01  2.751e-06  2.723e-06  2.737e-06  3.446e-03  4.835e-03 
 3.650e-09  8.854e-01  3.549e-08 -9.612e-08  1.880e+00  1.663e-01  2.792e+00  1.349e+01 -7.886e-09  3.811e-08  1.669e-14  1.306e-03  1.301e-03  1.031e-01  2.734e-06  2.708e-06  2.721e-06  3.463e-03  4.914e-03 
 3.670e-09  8.905e-01  3.151e-08 -1.052e-07  1.880e+00  1.911e-01  1.864e+00  1.450e+01 -5.266e-09  4.095e-08  2.351e-14  1.318e-03  1.313e-03  1.031e-01  2.716e-06  2.691e-06  2.704e-06  3.479e-03  4.994e-03 
 3.690e-09  8.956e-01  2.751e-08 -1.144e-07  1.880e+00  2.403e-01  2.296e+00  9.066e-01 -6.485e-09  2.561e-09 -9.485e-15  1.330e-03  1.325e-03  1.031e-01  2.697e-06  2.674e-06  2.685e-06  3.496e-03  5.073e-03 
 3.710e-09  9.006e-01  2.345e-08 -1.236e-07  1.880e+00  2.692e-01  2.961e+00  1.668e+01 -8.364e-09  4.712e-08  2.399e-14  1.343e-03  1.338e-03  1.031e-01  2.677e-06  2.655e-06  2.666e-06  3.512e-03  5.153e-03 
 3.730e-09  9.057e-01  1.929e-08 -1.330e-07  1.880e+00  2.951e-01  1.958e+00  1.493e+01 -5.529e-09  4.217e-08  2.549e-14  1.357e-03  1.351e-03  1.031e-01  2.656e-06  2.635e-06  2.646e-06  3.528e-03  5.233e-03 
 3.750e-09  9.108e-01  1.505e-08 -1.426e-07  1.880e+00  3.003e-01  2.266e+00  1.489e+01 -6.400e-09  4.206e-08  2.481e-14  1.371e-03  1.365e-03  1.031e-01  2.634e-06  2.615e-06  2.624e-06  3.544e-03  5.313e-03 
 3.770e-09  9.159e-01  1.068e-08 -1.524e-07  1.880e+00  3.576e-01  2.009e+00  1.469e+01 -5.675e-09  4.149e-08  2.574e-14  1.385e-03  1.379e-03  1.031e-01  2.611e-06  2.593e-06  2.602e-06  3.560e-03  5.394e-03 
 3.790e-09  9.209e-01  6.284e-09 -1.623e-07  1.880e+00  1.587e+00  1.523e+00  1.261e+01 -4.301e-09  3.562e-08  2.317e-14  1.400e-03  1.394e-03  1.031e-01  2.587e-06  2.571e-06  2.579e-06  3.576e-03  5.475e-03 
 3.810e-09  9.260e-01  1.881e-09 -1.723e-07  1.880e+00 -7.636e-01  1.860e+00  1.144e+00 -5.255e-09  3.231e-09 -7.371e-15  1.415e-03  1.409e-03  1.031e-01  2.562e-06  2.547e-06  2.555e-06  3.593e-03  5.556e-03 
 3.830e-09  9.311e-01 -2.545e-09 -1.824e-07  1.880e+00 -7.131e-01  1.707e+00  8.329e-01 -4.821e-09  2.353e-09 -7.354e-15  1.431e-03  1.425e-03  1.031e-01  2.537e-06  2.523e-06  2.530e-06  3.609e-03  5.637e-03 
 3.850e-09  9.362e-01 -6.986e-09 -1.925e-07  1.880e+00 -6.638e-01  6.869e-01  8.145e-01 -1.940e-09  2.301e-09 -1.747e-15  1.447e-03  1.441e-03  1.031e-01  2.511e-06  2.498e-06  2.505e-06  3.624e-03  5.718e-03 
 3.870e-09  9.412e-01 -1.142e-08 -2.026e-07  1.880e+00  1.613e+00  2.273e+00  2.044e+01 -6.421e-09  5.772e-08  3.896e-14  1.464e-03  1.458e-03  1.031e-01  2.484e-06  2.473e-06  2.479e-06  3.640e-03  5.800e-03 
 3.890e-09  9.463e-01 -1.587e-08 -2.128e-07  1.880e+00 -5.716e-01  8.263e-01  1.668e+01 -2.334e-09  4.712e-08  3.753e-14  1.481e-03  1.475e-03  1.031e-01  2.457e-06  2.447e-06  2.452e-06  3.656e-03  5.882e-03 
 3.910e-09  9.514e-01 -2.033e-08 -2.232e-07  1.880e+00 -6.029e-01  8.495e+00  1.193e+01 -2.399e-08  3.369e-08 -1.846e-14  1.499e-03  1.492e-03  1.031e-01  2.430e-06  2.420e-06  2.425e-06  3.672e-03  5.964e-03 
 3.930e-09  9.565e-01 -2.485e-08 -2.337e-07  1.880e+00 -5.140e-01  1.118e+01  1.539e+01 -3.157e-08  4.348e-08 -2.512e-14  1.517e-03  1.510e-03  1.031e-01  2.402e-06  2.393e-06  2.398e-06  3.687e-03  6.046e-03 
 3.950e-09  9.616e-01 -2.948e-08 -2.444e-07  1.880e+00 -4.737e-01  1.118e+01  1.521e+01 -3.157e-08  4.297e-08 -2.564e-14  1.535e-03  1.529e-03  1.032e-01  2.374e-06  2.366e-06  2.370e-06  3.703e-03  6.128e-03 
 3.970e-09  9.666e-01 -3.423e-08 -2.553e-07  1.880e+00 -4.322e-01  1.125e+01  1.542e+01 -3.179e-08  4.356e-08 -2.552e-14  1.554e-03  1.548e-03  1.032e-01  2.345e-06  2.338e-06  2.342e-06  3.718e-03  6.211e-03 
 3.990e-09  9.717e-01 -3.908e-08 -2.663e-07  1.880e+00  3.917e+00  2.216e+01  5.532e+00 -6.260e-08  1.563e-08 -1.189e-13  1.574e-03  1.567e-03  1.032e-01  2.317e-06  2.310e-06  2.313e-06  3.734e-03  6.293e-03 
 4.010e-09  9.768e-01 -4.409e-08 -2.774e-07  1.880e+00 -3.488e-01  1.130e+01  1.964e+00 -3.191e-08  5.547e-09 -6.307e-14  1.593e-03  1.587e-03  1.032e-01  2.288e-06  2.282e-06  2.285e-06  3.749e-03  6.376e-03 
 4.030e-09  9.819e-01 -4.921e-08 -2.885e-07  1.880e+00 -3.266e-01  1.098e+01  2.005e+00 -3.102e-08  5.662e-09 -6.129e-14  1.614e-03  1.607e-03  1.032e-01  2.259e-06  2.254e-06  2.256e-06  3.765e-03  6.459e-03 
 4.050e-09  9.869e-01 -5.445e-08 -2.996e-07  1.880e+00  1.347e+00  1.213e+01  1.488e+01 -3.426e-08  4.203e-08 -2.981e-14  1.634e-03  1.627e-03  1.032e-01  2.230e-06  2.225e-06  2.228e-06  3.780e-03  6.543e-03 
 4.070e-09  9.920e-01 -5.980e-08 -3.109e-07  1.880e+00 -2.148e-01  9.275e+00  1.503e+01 -2.620e-08  4.245e-08 -1.173e-14  1.655e-03  1.648e-03  1.032e-01  2.202e-06  2.197e-06  2.199e-06  3.795e-03  6.626e-03 
 4.090e-09  9.971e-01 -6.526e-08 -3.224e-07  1.880e+00 -1.808e-01  9.210e+00  1.489e+01 -2.601e-08  4.206e-08 -1.182e-14  1.677e-03  1.669e-03  1.032e-01  2.173e-06  2.169e-06  2.171e-06  3.810e-03  6.710e-03 
 4.110e-09  1.002e+00 -7.079e-08 -3.340e-07  1.880e+00 -1.181e-01 -1.034e+00  1.472e+01  2.920e-09  4.158e-08  5.270e-14  1.698e-03  1.691e-03  1.032e-01  2.145e-06  2.141e-06  2.143e-06  3.825e-03  6.794e-03 
 4.130e-09  1.007e+00 -7.631e-08 -3.457e-07  1.880e+00 -8.158e-02 -1.115e+00  1.448e+01  3.150e-09  4.089e-08  5.243e-14  1.721e-03  1.713e-03  1.032e-01  2.116e-06  2.113e-06  2.114e-06  3.840e-03  6.878e-03 
 4.150e-09  1.012e+00 -8.182e-08 -3.577e-07  1.880e+00 -4.661e-02 -1.074e+00  1.395e+01  3.035e-09  3.940e-08  5.057e-14  1.743e-03  1.736e-03  1.032e-01  2.089e-06  2.085e-06  2.087e-06  3.855e-03  6.962e-03 
 4.170e-09  1.017e+00 -8.732e-08 -3.698e-07  1.880e+00 -1.284e-02 -1.031e+00  1.374e+01  2.913e-09  3.882e-08  4.967e-14  1.766e-03  1.759e-03  1.032e-01  2.062e-06  2.058e-06  2.059e-06  3.869e-03  7.046e-03 
 4.190e-09  1.022e+00 -9.282e-08 -3.820e-07  1.880e+00  2.038e-02 -8.918e-01  1.370e+01  2.519e-09  3.870e-08  4.876e-14  1.789e-03  1.782e-03  1.032e-01  2.035e-06  2.031e-06  2.033e-06  3.884e-03  7.131e-03 
 4.210e-09  1.028e+00 -9.835e-08 -3.944e-07  1.880e+00  1.798e-02  1.150e+01  1.702e+00 -3.248e-08  4.808e-09 -7.305e-14  1.813e-03  1.805e-03  1.032e-01  2.009e-06  2.004e-06  2.006e-06  3.899e-03  7.216e-03 
 4.230e-09  1.033e+00 -1.040e-07 -4.069e-07  1.880e+00  1.769e-02  1.082e+01  1.833e+00 -3.055e-08  5.176e-09 -6.821e-14  1.837e-03  1.829e-03  1.032e-01  1.983e-06  1.978e-06  1.981e-06  3.913e-03  7.300e-03 
 4.250e-09  1.038e+00 -1.098e-07 -4.194e-07  1.880e+00  8.348e-02  1.041e+01  1.604e+00 -2.941e-08  4.530e-09 -6.626e-14  1.861e-03  1.854e-03  1.032e-01  1.959e-06  1.953e-06  1.956e-06  3.928e-03  7.385e-03 
 4.270e-09  1.043e+00 -1.157e-07 -4.319e-07  1.880e+00  1.092e-01  1.040e+01  1.737e+00 -2.937e-08  4.906e-09 -6.573e-14  1.886e-03  1.878e-03  1.032e-01  1.935e-06  1.929e-06  1.932e-06  3.942e-03  7.471e-03 
 4.290e-09  1.048e+00 -1.217e-07 -4.445e-07  1.880e+00  1.402e-01  1.030e+01  1.815e+00 -2.910e-08  5.125e-09 -6.499e-14  1.911e-03  1.903e-03  1.032e-01  1.912e-06  1.905e-06  1.908e-06  3.956e-03  7.556e-03 
 4.310e-09  1.053e+00 -1.279e-07 -4.571e-07  1.880e+00  1.740e-01  9.953e+00  1.963e+00 -2.811e-08  5.543e-09 -6.219e-14  1.937e-03  1.929e-03  1.032e-01  1.890e-06  1.882e-06  1.886e-06  3.971e-03  7.641e-03 
 4.330e-09  1.058e+00 -1.341e-07 -4.698e-07  1.880e+00  1.963e-01  9.788e+00  1.991e+00 -2.765e-08  5.624e-09 -6.116e-14  1.962e-03  1.954e-03  1.032e-01  1.869e-06  1.860e-06  1.864e-06  3.985e-03  7.727e-03 
 4.350e-09  1.063e+00 -1.405e-07 -4.825e-07  1.880e+00  2.538e-01 -3.706e-01  1.111e+00  1.047e-09  3.137e-09  6.607e-15  1.988e-03  1.980e-03  1.032e-01  1.849e-06  1.839e-06  1.844e-06  3.999e-03  7.813e-03 
 4.370e-09  1.068e+00 -1.469e-07 -4.953e-07  1.880e+00  2.779e-01 -5.982e-01  1.747e+00  1.690e-09  4.935e-09  1.049e-14  2.015e-03  2.007e-03  1.032e-01  1.831e-06  1.819e-06  1.825e-06  4.013e-03  7.899e-03 
 4.390e-09  1.073e+00 -1.533e-07 -5.081e-07  1.880e+00  3.050e-01 -4.863e-01  1.688e+00  1.374e-09  4.768e-09  9.511e-15  2.042e-03  2.033e-03  1.032e-01  1.813e-06  1.801e-06  1.807e-06  4.027e-03  7.985e-03 
 4.410e-09  1.078e+00 -1.597e-07 -5.209e-07  1.880e+00  3.285e-01 -8.023e-01  1.828e+00  2.266e-09  5.164e-09  1.225e-14  2.069e-03  2.060e-03  1.032e-01  1.797e-06  1.783e-06  1.790e-06  4.041e-03  8.071e-03 
 4.430e-09  1.083e+00 -1.660e-07 -5.338e-07  1.880e+00  3.532e-01 -1.185e+00  1.705e+00  3.347e-09  4.817e-09  1.452e-14  2.096e-03  2.088e-03  1.032e-01  1.783e-06  1.767e-06  1.775e-06  4.055e-03  8.157e-03 
 4.450e-09  1.088e+00 -1.724e-07 -5.467e-07  1.880e+00  3.780e-01 -1.425e+00  1.624e+00  4.024e-09  4.586e-09  1.593e-14  2.124e-03  2.115e-03  1.032e-01  1.770e-06  1.752e-06  1.761e-06  4.069e-03  8.244e-03 
 4.470e-09  1.094e+00 -1.787e-07 -5.596e-07  1.880e+00  3.987e-01 -1.225e+00  1.551e+00  3.460e-09  4.382e-09  1.425e-14  2.152e-03  2.143e-03  1.032e-01  1.758e-06  1.738e-06  1.748e-06  4.083e-03  8.330e-03 
 4.490e-09  1.099e+00 -1.851e-07 -5.725e-07  1.880e+00 -1.296e+00  2.182e+01  9.385e+00 -6.164e-08  2.651e-08 -1.214e-13  2.180e-03  2.171e-03  1.032e-01  1.748e-06  1.726e-06  1.737e-06  4.096e-03  8.417e-03 
 4.510e-09  1.104e+00 -1.915e-07 -5.855e-07  1.880e+00 -6.657e-01  7.763e+00  1.232e+00 -2.193e-08  3.479e-09 -5.071e-14  2.208e-03  2.200e-03  1.032e-01  1.740e-06  1.716e-06  1.728e-06  4.110e-03  8.504e-03 
 4.530e-09  1.109e+00 -1.979e-07 -5.985e-07  1.880e+00 -6.660e-01  6.625e+00  1.461e+00 -1.871e-08  4.126e-09 -4.182e-14  2.237e-03  2.229e-03  1.032e-01  1.734e-06  1.707e-06  1.720e-06  4.124e-03  8.591e-03 
 4.550e-09  1.114e+00 -2.045e-07 -6.115e-07  1.880e+00 -1.349e+00  3.215e+01  1.134e+01 -9.080e-08  3.204e-08 -1.874e-13  2.266e-03  2.258e-03  1.032e-01  1.729e-06  1.700e-06  1.714e-06  4.137e-03  8.678e-03 
 4.570e-09  1.119e+00 -2.111e-07 -6.245e-07  1.880e+00 -7.151e-01  3.183e+00  9.246e+00 -8.991e-09  2.612e-08  1.178e-14  2.296e-03  2.287e-03  1.032e-01  1.726e-06  1.694e-06  1.710e-06  4.151e-03  8.766e-03 
 4.590e-09  1.124e+00 -2.178e-07 -6.377e-07  1.880e+00 -5.261e-01 -1.532e+00  1.278e+01  4.327e-09  3.608e-08  5.905e-14  2.325e-03  2.317e-03  1.032e-01  1.724e-06  1.690e-06  1.707e-06  4.164e-03  8.853e-03 
 4.610e-09  1.129e+00 -2.244e-07 -6.510e-07  1.880e+00 -4.815e-01 -1.585e+00  1.235e+01  4.478e-09  3.487e-08  5.788e-14  2.355e-03  2.347e-03  1.032e-01  1.725e-06  1.688e-06  1.706e-06  4.178e-03  8.941e-03 
 4.630e-09  1.134e+00 -2.311e-07 -6.644e-07  1.880e+00 -4.492e-01 -1.594e+00  1.230e+01  4.503e-09  3.475e-08  5.795e-14  2.386e-03  2.377e-03  1.032e-01  1.727e-06  1.687e-06  1.707e-06  4.191e-03  9.028e-03 
 4.650e-09  1.139e+00 -2.377e-07 -6.780e-07  1.880e+00 -4.076e-01  5.933e+00  1.159e+01 -1.676e-08  3.273e-08 -1.203e-15  2.416e-03  2.407e-03  1.032e-01  1.731e-06  1.688e-06  1.709e-06  4.205e-03  9.116e-03 
 4.670e-09  1.144e+00 -2.444e-07 -6.918e-07  1.880e+00 -3.798e-01  5.520e+00  1.140e+01 -1.559e-08  3.220e-08  1.141e-15  2.447e-03  2.438e-03  1.033e-01  1.737e-06  1.691e-06  1.714e-06  4.218e-03  9.204e-03 
 4.690e-09  1.149e+00 -2.511e-07 -7.058e-07  1.880e+00 -3.483e-01  5.461e+00  1.125e+01 -1.542e-08  3.176e-08  9.811e-16  2.478e-03  2.469e-03  1.033e-01  1.745e-06  1.695e-06  1.720e-06  4.231e-03  9.292e-03 
 4.710e-09  1.154e+00 -2.579e-07 -7.198e-07  1.880e+00 -3.046e-01  5.378e+00  1.136e+01 -1.519e-08  3.209e-08  2.035e-15  2.509e-03  2.500e-03  1.033e-01  1.754e-06  1.702e-06  1.728e-06  4.244e-03  9.380e-03 
 4.730e-09  1.160e+00 -2.647e-07 -7.340e-07  1.880e+00 -2.808e-01  5.300e+00  1.119e+01 -1.497e-08  3.161e-08  1.871e-15  2.541e-03  2.532e-03  1.033e-01  1.765e-06  1.709e-06  1.737e-06  4.257e-03  9.469e-03 
 4.750e-09  1.165e+00 -2.716e-07 -7.483e-07  1.880e+00 -2.584e-01  5.348e+00  1.089e+01 -1.511e-08  3.075e-08  1.767e-16  2.573e-03  2.563e-03  1.033e-01  1.778e-06  1.719e-06  1.748e-06  4.270e-03  9.557e-03 
 4.770e-09  1.170e+00 -2.785e-07 -7.628e-07  1.880e+00 -2.554e-01  5.295e+00  1.093e+01 -1.495e-08  3.089e-08  6.996e-16  2.605e-03  2.595e-03  1.033e-01  1.792e-06  1.730e-06  1.761e-06  4.283e-03  9.646e-03 
 4.790e-09  1.175e+00 -2.855e-07 -7.774e-07  1.880e+00 -1.840e-01  7.035e+00  9.227e+00 -1.987e-08  2.606e-08 -2.008e-14  2.637e-03  2.628e-03  1.033e-01  1.808e-06  1.743e-06  1.775e-06  4.296e-03  9.734e-03 
 4.810e-09  1.180e+00 -2.926e-07 -7.922e-07  1.880e+00 -1.533e-01 -1.736e+00  9.956e+00  4.903e-09  2.812e-08  5.357e-14  2.669e-03  2.660e-03  1.033e-01  1.826e-06  1.757e-06  1.791e-06  4.309e-03  9.823e-03 
 4.830e-09  1.185e+00 -2.996e-07 -8.070e-07  1.880e+00 -2.331e-01 -2.045e+00  1.168e+01  5.775e-09  3.299e-08  6.287e-14  2.702e-03  2.693e-03  1.033e-01  1.845e-06  1.773e-06  1.808e-06  4.321e-03  9.912e-03 
 4.850e-09  1.190e+00 -3.066e-07 -8.220e-07  1.880e+00 -1.084e-01 -1.549e+00  9.678e+00  4.375e-09  2.734e-08  5.116e-14  2.735e-03  2.726e-03  1.033e-01  1.865e-06  1.790e-06  1.827e-06  4.334e-03  1.000e-02 
 4.870e-09  1.195e+00 -3.136e-07 -8.371e-07  1.880e+00 -8.754e-02 -1.605e+00  9.758e+00  4.535e-09  2.756e-08  5.196e-14  2.768e-03  2.759e-03  1.033e-01  1.887e-06  1.809e-06  1.847e-06  4.347e-03  1.009e-02 
 4.890e-09  1.200e+00 -3.206e-07 -8.523e-07  1.880e+00 -5.039e-02 -1.566e+00  9.558e+00  4.423e-09  2.700e-08  5.100e-14  2.802e-03  2.792e-03  1.033e-01  1.910e-06  1.829e-06  1.869e-06  4.359e-03  1.018e-02 
 4.910e-09  1.205e+00 -3.276e-07 -8.677e-07  1.880e+00 -1.331e-02 -1.639e+00  9.359e+00  4.628e-09  2.643e-08  5.080e-14  2.836e-03  2.826e-03  1.033e-01  1.934e-06  1.850e-06  1.892e-06  4.372e-03  1.027e-02 
 4.930e-09  1.210e+00 -3.346e-07 -8.831e-07  1.880e+00 -7.350e-03 -1.622e+00  9.132e+00  4.581e-09  2.579e-08  4.981e-14  2.870e-03  2.860e-03  1.033e-01  1.960e-06  1.872e-06  1.916e-06  4.384e-03  1.036e-02 
 4.950e-09  1.215e+00 -3.416e-07 -8.986e-07  1.880e+00  4.889e-02  8.413e+00  9.435e+00 -2.376e-08  2.665e-08 -3.498e-14  2.904e-03  2.894e-03  1.033e-01  1.987e-06  1.896e-06  1.941e-06  4.397e-03  1.045e-02 
 4.970e-09  1.220e+00 -3.487e-07 -9.143e-07  1.880e+00  5.173e-02  4.808e+00  9.560e+00 -1.358e-08  2.700e-08 -3.301e-15  2.938e-03  2.928e-03  1.033e-01  2.014e-06  1.921e-06  1.967e-06  4.409e-03  1.054e-02 
 4.990e-09  1.226e+00 -3.558e-07 -9.301e-07  1.880e+00  7.485e-02  4.879e+00  9.408e+00 -1.378e-08  2.657e-08 -4.560e-15  2.973e-03  2.963e-03  1.033e-01  2.043e-06  1.947e-06  1.994e-06  4.421e-03  1.063e-02 
 5.010e-09  1.231e+00 -3.629e-07 -9.459e-07  1.880e+00  8.534e-02  4.946e+00  9.345e+00 -1.397e-08  2.639e-08 -5.391e-15  3.007e-03  2.998e-03  1.033e-01  2.073e-06  1.974e-06  2.023e-06  4.434e-03  1.072e-02 
 5.030e-09  1.236e+00 -3.701e-07 -9.619e-07  1.880e+00  1.163e-01  4.730e+00  9.251e+00 -1.336e-08  2.613e-08 -3.851e-15  3.043e-03  3.033e-03  1.033e-01  2.104e-06  2.002e-06  2.052e-06  4.446e-03  1.081e-02 
 5.050e-09  1.241e+00 -3.774e-07 -9.780e-07  1.880e+00  2.510e-01 -6.116e-01  1.163e+01  1.727e-09  3.284e-08  5.329e-14  3.078e-03  3.068e-03  1.033e-01  2.135e-06  2.031e-06  2.082e-06  4.458e-03  1.090e-02 
 5.070e-09  1.246e+00 -3.847e-07 -9.942e-07  1.880e+00  1.677e-01  4.578e+00  9.166e+00 -1.293e-08  2.589e-08 -2.966e-15  3.113e-03  3.103e-03  1.033e-01  2.168e-06  2.061e-06  2.113e-06  4.470e-03  1.099e-02 
 5.090e-09  1.251e+00 -3.921e-07 -1.010e-06  1.880e+00  2.011e-01  5.419e+00  4.443e+00 -1.531e-08  1.255e-08 -3.016e-14  3.149e-03  3.139e-03  1.033e-01  2.201e-06  2.091e-06  2.145e-06  4.482e-03  1.108e-02 
 5.110e-09  1.256e+00 -3.995e-07 -1.027e-06  1.880e+00  3.230e-01 -5.298e+00  3.162e+00  1.496e-08  8.930e-09  6.078e-14  3.185e-03  3.175e-03  1.033e-01  2.235e-06  2.123e-06  2.178e-06  4.494e-03  1.117e-02 
 5.130e-09  1.261e+00 -4.069e-07 -1.043e-06  1.880e+00  1.652e-01  4.742e+00  7.970e+00 -1.339e-08  2.251e-08 -9.410e-15  3.221e-03  3.211e-03  1.033e-01  2.270e-06  2.155e-06  2.211e-06  4.506e-03  1.126e-02 
 5.150e-09  1.266e+00 -4.144e-07 -1.060e-06  1.880e+00  1.692e-01  4.713e+00  7.899e+00 -1.331e-08  2.231e-08 -9.454e-15  3.257e-03  3.247e-03  1.033e-01  2.305e-06  2.188e-06  2.245e-06  4.518e-03  1.135e-02 
 5.170e-09  1.271e+00 -4.219e-07 -1.076e-06  1.880e+00  1.925e-01  2.384e+00  1.359e+01 -6.735e-09  3.839e-08  3.600e-14  3.293e-03  3.283e-03  1.033e-01  2.341e-06  2.222e-06  2.280e-06  4.530e-03  1.144e-02 
 5.190e-09  1.276e+00 -4.295e-07 -1.093e-06  1.880e+00  1.681e-01  5.027e+00  7.658e+00 -1.420e-08  2.163e-08 -1.329e-14  3.330e-03  3.320e-03  1.033e-01  2.377e-06  2.256e-06  2.316e-06  4.541e-03  1.154e-02 
 5.210e-09  1.281e+00 -4.371e-07 -1.110e-06  1.880e+00  1.645e-01  4.528e+00  9.554e+00 -1.279e-08  2.699e-08 -4.240e-16  3.367e-03  3.357e-03  1.033e-01  2.414e-06  2.291e-06  2.351e-06  4.553e-03  1.163e-02 
 5.230e-09  1.286e+00 -4.448e-07 -1.127e-06  1.880e+00  1.641e-01  4.906e+00  7.769e+00 -1.386e-08  2.194e-08 -1.175e-14  3.404e-03  3.394e-03  1.033e-01  2.452e-06  2.326e-06  2.388e-06  4.565e-03  1.173e-02 
 5.250e-09  1.292e+00 -4.526e-07 -1.143e-06  1.880e+00  1.626e-01  4.815e+00  7.705e+00 -1.360e-08  2.176e-08 -1.115e-14  3.441e-03  3.431e-03  1.033e-01  2.490e-06  2.362e-06  2.425e-06  4.576e-03  1.182e-02 
 5.270e-09  1.297e+00 -4.604e-07 -1.161e-06  1.880e+00  1.610e-01  9.731e+00  7.624e+00 -2.749e-08  2.153e-08 -5.737e-14  3.478e-03  3.468e-03  1.033e-01  2.528e-06  2.398e-06  2.462e-06  4.588e-03  1.191e-02 
 5.290e-09  1.302e+00 -4.684e-07 -1.178e-06  1.880e+00 -1.062e-01  5.618e+00  3.732e+00 -1.587e-08  1.054e-08 -3.610e-14  3.516e-03  3.506e-03  1.034e-01  2.567e-06  2.435e-06  2.500e-06  4.600e-03  1.201e-02 
 5.310e-09  1.307e+00 -4.764e-07 -1.195e-06  1.880e+00  1.629e-01  4.060e+00  1.702e+00 -1.147e-08  4.809e-09 -3.057e-14  3.554e-03  3.543e-03  1.034e-01  2.606e-06  2.472e-06  2.538e-06  4.611e-03  1.210e-02 
 5.330e-09  1.312e+00 -4.845e-07 -1.212e-06  1.880e+00  1.631e-01  4.158e+00  1.678e+00 -1.174e-08  4.741e-09 -3.159e-14  3.592e-03  3.581e-03  1.034e-01  2.646e-06  2.510e-06  2.577e-06  4.622e-03  1.220e-02 
 5.350e-09  1.317e+00 -4.926e-07 -1.229e-06  1.880e+00  1.735e-01  1.869e+00  4.289e+00 -5.279e-09  1.211e-08  1.963e-15  3.630e-03  3.619e-03  1.034e-01  2.686e-06  2.548e-06  2.616e-06  4.634e-03  1.229e-02 
 5.370e-09  1.322e+00 -5.007e-07 -1.246e-06  1.880e+00  1.638e-01  3.928e+00  1.551e+00 -1.109e-08  4.380e-09 -3.010e-14  3.668e-03  3.658e-03  1.034e-01  2.726e-06  2.586e-06  2.655e-06  4.645e-03  1.238e-02 
 5.390e-09  1.327e+00 -5.089e-07 -1.264e-06  1.880e+00  1.638e-01  3.681e+00  1.093e+00 -1.040e-08  3.087e-09 -2.985e-14  3.707e-03  3.696e-03  1.034e-01  2.767e-06  2.625e-06  2.695e-06  4.656e-03  1.248e-02 
 5.410e-09  1.332e+00 -5.172e-07 -1.281e-06  1.880e+00  1.644e-01  3.655e+00  1.267e+00 -1.032e-08  3.578e-09 -2.883e-14  3.745e-03  3.735e-03  1.034e-01  2.807e-06  2.664e-06  2.734e-06  4.668e-03  1.257e-02 
 5.430e-09  1.337e+00 -5.254e-07 -1.298e-06  1.880e+00  1.622e-01  4.194e+00  1.238e+00 -1.185e-08  3.497e-09 -3.410e-14  3.784e-03  3.773e-03  1.034e-01  2.848e-06  2.703e-06  2.774e-06  4.679e-03  1.267e-02 
 5.450e-09  1.342e+00 -5.337e-07 -1.315e-06  1.880e+00  1.618e-01  4.219e+00  1.196e+00 -1.192e-08  3.378e-09 -3.456e-14  3.823e-03  3.812e-03  1.034e-01  2.890e-06  2.742e-06  2.815e-06  4.690e-03  1.276e-02 
 5.470e-09  1.347e+00 -5.421e-07 -1.333e-06  1.880e+00  2.168e-01  8.140e+00  1.528e+01 -2.299e-08  4.316e-08 -5.415e-15  3.862e-03  3.851e-03  1.034e-01  2.931e-06  2.782e-06  2.855e-06  4.701e-03  1.286e-02 
 5.490e-09  1.352e+00 -5.506e-07 -1.350e-06  1.880e+00  1.607e-01  4.802e+00  6.414e+00 -1.356e-08  1.812e-08 -1.547e-14  3.902e-03  3.891e-03  1.034e-01  2.973e-06  2.821e-06  2.896e-06  4.712e-03  1.295e-02 
 5.510e-09  1.358e+00 -5.591e-07 -1.368e-06  1.880e+00  1.601e-01  4.763e+00  6.063e+00 -1.345e-08  1.712e-08 -1.676e-14  3.941e-03  3.930e-03  1.034e-01  3.014e-06  2.861e-06  2.937e-06  4.723e-03  1.305e-02 
 5.530e-09  1.363e+00 -5.676e-07 -1.385e-06  1.880e+00  1.764e-01  6.288e+00  7.239e+00 -1.776e-08  2.045e-08 -2.588e-14  3.981e-03  3.970e-03  1.034e-01  3.056e-06  2.902e-06  2.978e-06  4.734e-03  1.314e-02 
 5.550e-09  1.368e+00 -5.762e-07 -1.403e-06  1.880e+00  1.811e-01  9.506e+00  7.894e+00 -2.685e-08  2.230e-08 -5.399e-14  4.020e-03  4.009e-03  1.034e-01  3.098e-06  2.942e-06  3.019e-06  4.745e-03  1.324e-02 
 5.570e-09  1.373e+00 -5.849e-07 -1.421e-06  1.880e+00  1.810e-01  6.660e+00  7.223e+00 -1.881e-08  2.040e-08 -2.967e-14  4.060e-03  4.049e-03  1.034e-01  3.140e-06  2.982e-06  3.060e-06  4.756e-03  1.333e-02 
 5.590e-09  1.378e+00 -5.936e-07 -1.438e-06  1.880e+00  1.575e-01  4.648e+00  5.916e+00 -1.313e-08  1.671e-08 -1.646e-14  4.100e-03  4.089e-03  1.034e-01  3.183e-06  3.023e-06  3.102e-06  4.767e-03  1.343e-02 
 5.610e-09  1.383e+00 -6.023e-07 -1.456e-06  1.880e+00  1.582e-01 -6.428e-01  6.133e-01  1.816e-09  1.732e-09  9.324e-15  4.141e-03  4.130e-03  1.034e-01  3.225e-06  3.064e-06  3.143e-06  4.778e-03  1.352e-02 
 5.630e-09  1.388e+00 -6.110e-07 -1.474e-06  1.880e+00  1.583e-01 -5.990e-01  4.641e-01  1.692e-09  1.311e-09  8.159e-15  4.181e-03  4.170e-03  1.034e-01  3.267e-06  3.104e-06  3.185e-06  4.789e-03  1.362e-02 
 5.650e-09  1.393e+00 -6.198e-07 -1.492e-06  1.880e+00  1.590e-01  3.325e+00  3.865e-01 -9.392e-09  1.092e-09 -3.081e-14  4.222e-03  4.211e-03  1.034e-01  3.310e-06  3.145e-06  3.226e-06  4.799e-03  1.372e-02 
 5.670e-09  1.398e+00 -6.285e-07 -1.510e-06  1.880e+00  1.583e-01  3.423e+00  4.464e+00 -9.669e-09  1.261e-08 -1.167e-14  4.262e-03  4.251e-03  1.034e-01  3.352e-06  3.186e-06  3.268e-06  4.810e-03  1.381e-02 
 5.690e-09  1.403e+00 -6.373e-07 -1.528e-06  1.880e+00  1.791e-01  4.858e+00  7.158e+00 -1.372e-08  2.022e-08 -1.250e-14  4.303e-03  4.292e-03  1.034e-01  3.395e-06  3.227e-06  3.310e-06  4.821e-03  1.391e-02 
 5.710e-09  1.408e+00 -6.462e-07 -1.546e-06  1.880e+00  1.880e-01  2.522e+00  7.192e+00 -7.123e-09  2.031e-08  1.084e-14  4.344e-03  4.333e-03  1.034e-01  3.438e-06  3.268e-06  3.352e-06  4.831e-03  1.400e-02 
 5.730e-09  1.413e+00 -6.551e-07 -1.564e-06  1.880e+00  1.516e-01  3.564e+00  4.416e+00 -1.007e-08  1.247e-08 -1.332e-14  4.386e-03  4.374e-03  1.034e-01  3.480e-06  3.310e-06  3.394e-06  4.842e-03  1.410e-02 
 5.750e-09  1.418e+00 -6.640e-07 -1.582e-06  1.880e+00  1.595e-01  2.891e+00  3.268e+00 -8.165e-09  9.231e-09 -1.237e-14  4.427e-03  4.415e-03  1.034e-01  3.523e-06  3.351e-06  3.436e-06  4.852e-03  1.420e-02 
 5.770e-09  1.424e+00 -6.729e-07 -1.600e-06  1.880e+00  1.553e-01  4.356e+00  4.045e+00 -1.230e-08  1.143e-08 -2.310e-14  4.468e-03  4.457e-03  1.034e-01  3.566e-06  3.392e-06  3.478e-06  4.863e-03  1.429e-02 
 5.790e-09  1.429e+00 -6.819e-07 -1.618e-06  1.880e+00  1.471e-01  3.555e+00  4.198e+00 -1.004e-08  1.186e-08 -1.434e-14  4.510e-03  4.498e-03  1.034e-01  3.609e-06  3.433e-06  3.520e-06  4.873e-03  1.439e-02 
 5.810e-09  1.434e+00 -6.909e-07 -1.636e-06  1.880e+00  1.532e-01  3.333e+00  4.053e+00 -9.413e-09  1.145e-08 -1.285e-14  4.552e-03  4.540e-03  1.034e-01  3.651e-06  3.475e-06  3.562e-06  4.883e-03  1.448e-02 
 5.830e-09  1.439e+00 -7.000e-07 -1.655e-06  1.880e+00  1.517e-01  3.373e+00  4.066e+00 -9.528e-09  1.148e-08 -1.321e-14  4.594e-03  4.582e-03  1.034e-01  3.694e-06  3.516e-06  3.604e-06  4.894e-03  1.458e-02 
 5.850e-09  1.444e+00 -7.090e-07 -1.673e-06  1.880e+00  1.514e-01  3.329e+00  3.973e+00 -9.402e-09  1.122e-08 -1.325e-14  4.636e-03  4.624e-03  1.035e-01  3.737e-06  3.557e-06  3.646e-06  4.904e-03  1.468e-02 
 5.870e-09  1.449e+00 -7.182e-07 -1.691e-06  1.880e+00  1.727e-01  2.487e+00  6.121e-01 -7.026e-09  1.729e-09 -2.200e-14  4.678e-03  4.666e-03  1.035e-01  3.780e-06  3.598e-06  3.688e-06  4.915e-03  1.477e-02 
 5.890e-09  1.454e+00 -7.273e-07 -1.710e-06  1.880e+00  1.513e-01 -7.339e-01  7.205e-02  2.073e-09  2.035e-10  7.787e-15  4.720e-03  4.708e-03  1.035e-01  3.822e-06  3.640e-06  3.730e-06  4.925e-03  1.487e-02 
 5.910e-09  1.459e+00 -7.364e-07 -1.728e-06  1.880e+00  1.706e-01 -4.896e-01  2.147e+00  1.383e-09  6.065e-09  1.595e-14  4.762e-03  4.751e-03  1.035e-01  3.865e-06  3.681e-06  3.772e-06  4.935e-03  1.497e-02 
 5.930e-09  1.464e+00 -7.455e-07 -1.747e-06  1.880e+00  1.510e-01 -6.185e-01  9.617e-02  1.747e-09  2.717e-10  6.744e-15  4.805e-03  4.793e-03  1.035e-01  3.908e-06  3.722e-06  3.814e-06  4.945e-03  1.506e-02 
 5.950e-09  1.469e+00 -7.546e-07 -1.765e-06  1.880e+00  1.563e-01 -2.085e-01 -1.052e-01  5.889e-10 -2.971e-10  1.569e-15  4.848e-03  4.836e-03  1.035e-01  3.950e-06  3.764e-06  3.856e-06  4.955e-03  1.516e-02 
 5.970e-09  1.474e+00 -7.637e-07 -1.783e-06  1.880e+00  1.499e-01 -2.740e-01  6.850e-02  7.741e-10  1.935e-10  3.118e-15  4.891e-03  4.879e-03  1.035e-01  3.993e-06  3.805e-06  3.898e-06  4.965e-03  1.526e-02 
 5.990e-09  1.479e+00 -7.728e-07 -1.802e-06  1.880e+00  1.700e-01  1.161e+00  1.890e+00 -3.279e-09  5.339e-09 -2.062e-15  4.934e-03  4.922e-03  1.035e-01  4.036e-06  3.846e-06  3.939e-06  4.975e-03  1.535e-02 
 6.010e-09  1.485e+00 -7.819e-07 -1.820e-06  1.880e+00  1.498e-01 -5.367e-01  5.738e-01  1.516e-09  1.621e-09  8.352e-15  4.977e-03  4.965e-03  1.035e-01  4.078e-06  3.887e-06  3.981e-06  4.985e-03  1.545e-02 
 6.030e-09  1.490e+00 -7.910e-07 -1.838e-06  1.880e+00  1.505e-01 -5.680e-01  2.788e-01  1.604e-09  7.874e-10  7.159e-15  5.020e-03  5.008e-03  1.035e-01  4.121e-06  3.928e-06  4.023e-06  4.995e-03  1.555e-02 
 6.050e-09  1.495e+00 -8.000e-07 -1.857e-06  1.880e+00  1.576e-01 -3.335e-01  1.223e+00  9.419e-10  3.455e-09  9.600e-15  5.063e-03  5.051e-03  1.035e-01  4.163e-06  3.969e-06  4.065e-06  5.005e-03  1.565e-02 
 6.070e-09  1.500e+00 -8.091e-07 -1.875e-06  1.880e+00  1.512e-01 -6.556e-01  2.127e-01  1.852e-09  6.007e-10  7.705e-15  5.107e-03  5.095e-03  1.035e-01  4.206e-06  4.010e-06  4.107e-06  5.015e-03  1.574e-02 
 6.090e-09  1.505e+00 -8.182e-07 -1.894e-06  1.880e+00  1.518e-01 -7.228e-01  8.648e-02  2.041e-09  2.443e-10  7.741e-15  5.150e-03  5.138e-03  1.035e-01  4.248e-06  4.051e-06  4.148e-06  5.025e-03  1.584e-02 
 6.110e-09  1.510e+00 -8.272e-07 -1.912e-06  1.880e+00  1.510e-01 -4.511e-01  2.152e-01  1.274e-09  6.079e-10  5.650e-15  5.194e-03  5.182e-03  1.035e-01  4.290e-06  4.092e-06  4.190e-06  5.035e-03  1.594e-02 
 6.130e-09  1.515e+00 -8.363e-07 -1.930e-06  1.880e+00  1.498e-01 -4.200e-01  8.868e-02  1.186e-09  2.505e-10  4.692e-15  5.238e-03  5.226e-03  1.035e-01  4.332e-06  4.133e-06  4.232e-06  5.044e-03  1.604e-02 
 6.150e-09  1.520e+00 -8.453e-07 -1.949e-06  1.880e+00  1.499e-01 -4.384e-01  1.464e-01  1.238e-09  4.136e-10  5.170e-15  5.282e-03  5.270e-03  1.035e-01  4.375e-06  4.174e-06  4.273e-06  5.054e-03  1.613e-02 
 6.170e-09  1.525e+00 -8.543e-07 -1.967e-06  1.880e+00  1.474e-01 -2.824e-01  1.538e+00  7.976e-10  4.345e-09  1.066e-14  5.326e-03  5.314e-03  1.035e-01  4.417e-06  4.215e-06  4.314e-06  5.064e-03  1.623e-02 
 6.190e-09  1.530e+00 -8.634e-07 -1.985e-06  1.880e+00  1.497e-01 -3.454e-01  2.100e-01  9.757e-10  5.930e-10  4.553e-15  5.370e-03  5.358e-03  1.035e-01  4.459e-06  4.256e-06  4.356e-06  5.073e-03  1.633e-02 
 6.210e-09  1.535e+00 -8.724e-07 -2.004e-06  1.880e+00  1.500e-01 -4.201e-01 -8.245e-01  1.187e-09 -2.329e-09  5.982e-17  5.414e-03  5.402e-03  1.035e-01  4.501e-06  4.296e-06  4.397e-06  5.083e-03  1.643e-02 
 6.230e-09  1.540e+00 -8.814e-07 -2.022e-06  1.880e+00  1.490e-01 -3.142e-01  2.977e-01  8.874e-10  8.408e-10  4.683e-15  5.459e-03  5.447e-03  1.035e-01  4.543e-06  4.337e-06  4.438e-06  5.092e-03  1.652e-02 
 6.250e-09  1.545e+00 -8.904e-07 -2.041e-06  1.880e+00  1.492e-01 -2.623e-01  3.249e-01  7.408e-10  9.178e-10  4.297e-15  5.503e-03  5.491e-03  1.035e-01  4.585e-06  4.377e-06  4.480e-06  5.102e-03  1.662e-02 
 6.270e-09  1.551e+00 -8.995e-07 -2.059e-06  1.880e+00  1.486e-01 -2.441e-01  3.338e-01  6.894e-10  9.428e-10  4.160e-15  5.548e-03  5.536e-03  1.035e-01  4.626e-06  4.418e-06  4.521e-06  5.112e-03  1.672e-02 
 6.290e-09  1.556e+00 -9.085e-07 -2.077e-06  1.880e+00  1.486e-01 -8.154e-01  2.309e-01  2.303e-09  6.521e-10  9.412e-15  5.593e-03  5.581e-03  1.035e-01  4.668e-06  4.458e-06  4.562e-06  5.121e-03  1.682e-02 
 6.310e-09  1.561e+00 -9.175e-07 -2.096e-06  1.880e+00  1.509e-01 -1.115e+00  2.128e+00  3.150e-09  6.010e-09  2.207e-14  5.638e-03  5.625e-03  1.035e-01  4.710e-06  4.498e-06  4.603e-06  5.131e-03  1.692e-02 
 6.330e-09  1.566e+00 -9.265e-07 -2.114e-06  1.880e+00  1.641e-01  2.436e+00  6.353e-01 -6.880e-09  1.794e-09 -2.141e-14  5.683e-03  5.670e-03  1.035e-01  4.751e-06  4.539e-06  4.644e-06  5.140e-03  1.701e-02 
 6.350e-09  1.571e+00 -9.356e-07 -2.133e-06  1.880e+00  1.473e-01  2.809e+00  4.090e-01 -7.935e-09  1.155e-09 -2.633e-14  5.728e-03  5.715e-03  1.035e-01  4.793e-06  4.579e-06  4.684e-06  5.149e-03  1.711e-02 
 6.370e-09  1.576e+00 -9.446e-07 -2.151e-06  1.880e+00  1.559e-01 -2.565e+00 -4.918e-01  7.244e-09 -1.389e-09  2.344e-14  5.773e-03  5.761e-03  1.035e-01  4.834e-06  4.619e-06  4.725e-06  5.159e-03  1.721e-02 
 6.390e-09  1.581e+00 -9.537e-07 -2.169e-06  1.880e+00  1.478e-01  2.773e+00  3.557e-01 -7.834e-09  1.005e-09 -2.624e-14  5.819e-03  5.806e-03  1.036e-01  4.875e-06  4.659e-06  4.766e-06  5.168e-03  1.731e-02 
 6.410e-09  1.586e+00 -9.628e-07 -2.188e-06  1.880e+00  1.462e-01  2.830e+00  3.857e-01 -7.992e-09  1.089e-09 -2.665e-14  5.864e-03  5.851e-03  1.036e-01  4.917e-06  4.699e-06  4.806e-06  5.177e-03  1.741e-02 
 6.430e-09  1.591e+00 -9.720e-07 -2.206e-06  1.880e+00  1.603e-01  1.382e+00  1.476e+00 -3.905e-09  4.168e-09 -6.398e-15  5.910e-03  5.897e-03  1.036e-01  4.958e-06  4.739e-06  4.847e-06  5.186e-03  1.751e-02 
 6.450e-09  1.596e+00 -9.812e-07 -2.225e-06  1.880e+00  1.454e-01  2.817e+00  3.960e-01 -7.957e-09  1.118e-09 -2.648e-14  5.955e-03  5.943e-03  1.036e-01  4.999e-06  4.779e-06  4.887e-06  5.196e-03  1.761e-02 
 6.470e-09  1.601e+00 -9.904e-07 -2.243e-06  1.880e+00  1.460e-01  2.779e+00  4.271e-01 -7.851e-09  1.206e-09 -2.594e-14  6.001e-03  5.988e-03  1.036e-01  5.040e-06  4.818e-06  4.928e-06  5.205e-03  1.770e-02 
 6.490e-09  1.606e+00 -9.996e-07 -2.261e-06  1.880e+00  1.460e-01  2.787e+00  4.051e-01 -7.873e-09  1.144e-09 -2.614e-14  6.047e-03  6.034e-03  1.036e-01  5.081e-06  4.858e-06  4.968e-06  5.214e-03  1.780e-02 
 6.510e-09  1.611e+00 -1.009e-06 -2.280e-06  1.880e+00  1.469e-01  2.802e+00  3.204e+00 -7.915e-09  9.051e-09 -1.171e-14  6.093e-03  6.080e-03  1.036e-01  5.122e-06  4.898e-06  5.008e-06  5.223e-03  1.790e-02 
 6.530e-09  1.617e+00 -1.018e-06 -2.298e-06  1.880e+00  1.434e-01  1.279e-01  4.969e-01 -3.613e-10  1.404e-09  1.296e-15  6.139e-03  6.126e-03  1.036e-01  5.163e-06  4.937e-06  5.048e-06  5.232e-03  1.800e-02 
 6.550e-09  1.622e+00 -1.027e-06 -2.317e-06  1.880e+00  1.597e-01  2.305e-01 -9.879e-01 -6.512e-10 -2.790e-09 -7.502e-15  6.185e-03  6.172e-03  1.036e-01  5.203e-06  4.977e-06  5.088e-06  5.241e-03  1.810e-02 
 6.570e-09  1.627e+00 -1.037e-06 -2.335e-06  1.880e+00  1.973e-01  1.211e+00  5.043e+00 -3.421e-09  1.424e-08  1.403e-14  6.232e-03  6.219e-03  1.036e-01  5.244e-06  5.016e-06  5.128e-06  5.250e-03  1.820e-02 
 6.590e-09  1.632e+00 -1.046e-06 -2.354e-06  1.880e+00  1.427e-01  2.626e-02  5.392e-01 -7.418e-11  1.523e-09  2.552e-15  6.278e-03  6.265e-03  1.036e-01  5.284e-06  5.055e-06  5.168e-06  5.259e-03  1.830e-02 
 6.610e-09  1.637e+00 -1.055e-06 -2.372e-06  1.880e+00  1.423e-01  2.662e-03  5.251e-01 -7.519e-12  1.483e-09  2.717e-15  6.325e-03  6.312e-03  1.036e-01  5.325e-06  5.094e-06  5.208e-06  5.268e-03  1.840e-02 
 6.630e-09  1.642e+00 -1.065e-06 -2.391e-06  1.880e+00  1.418e-01  3.671e-02  7.600e-01 -1.037e-10  2.147e-09  3.599e-15  6.371e-03  6.358e-03  1.036e-01  5.365e-06  5.133e-06  5.248e-06  5.277e-03  1.850e-02 
 6.650e-09  1.647e+00 -1.074e-06 -2.410e-06  1.880e+00  1.412e-01  1.872e-02  5.510e-01 -5.287e-11  1.556e-09  2.689e-15  6.418e-03  6.405e-03  1.036e-01  5.405e-06  5.172e-06  5.287e-06  5.286e-03  1.859e-02 
 6.670e-09  1.652e+00 -1.083e-06 -2.428e-06  1.880e+00  1.539e-01  2.387e-01 -1.755e+00 -6.741e-10 -4.958e-09 -1.160e-14  6.465e-03  6.452e-03  1.036e-01  5.445e-06  5.211e-06  5.327e-06  5.295e-03  1.869e-02 
 6.690e-09  1.657e+00 -1.093e-06 -2.447e-06  1.880e+00  1.389e-01  1.046e-02  4.695e-01 -2.956e-11  1.326e-09  2.347e-15  6.512e-03  6.498e-03  1.036e-01  5.485e-06  5.250e-06  5.366e-06  5.303e-03  1.879e-02 
 6.710e-09  1.662e+00 -1.102e-06 -2.465e-06  1.880e+00  1.492e-01  1.128e+00 -5.646e-01 -3.186e-09 -1.595e-09 -1.444e-14  6.559e-03  6.545e-03  1.036e-01  5.525e-06  5.289e-06  5.406e-06  5.312e-03  1.889e-02 
 6.730e-09  1.667e+00 -1.111e-06 -2.484e-06  1.880e+00  1.495e-01 -1.280e-01 -4.273e-01  3.616e-10 -1.207e-09 -9.280e-16  6.606e-03  6.593e-03  1.036e-01  5.565e-06  5.327e-06  5.445e-06  5.321e-03  1.899e-02 
 6.750e-09  1.672e+00 -1.120e-06 -2.502e-06  1.880e+00  1.352e-01 -2.550e-02  1.378e-01  7.201e-11  3.893e-10  9.803e-16  6.653e-03  6.640e-03  1.036e-01  5.605e-06  5.366e-06  5.484e-06  5.330e-03  1.909e-02 
 6.770e-09  1.677e+00 -1.130e-06 -2.521e-06  1.880e+00  1.354e-01 -1.646e-01  3.323e-01  4.648e-10  9.387e-10  3.415e-15  6.700e-03  6.687e-03  1.036e-01  5.644e-06  5.405e-06  5.523e-06  5.338e-03  1.919e-02 
 6.790e-09  1.683e+00 -1.139e-06 -2.539e-06  1.880e+00  1.342e-01  5.839e-02  2.442e-01 -1.649e-10  6.898e-10  6.812e-16  6.748e-03  6.734e-03  1.036e-01  5.684e-06  5.443e-06  5.562e-06  5.347e-03  1.929e-02 
 6.810e-09  1.688e+00 -1.148e-06 -2.558e-06  1.880e+00  1.336e-01  9.914e-02  2.186e-01 -2.800e-10  6.175e-10  1.312e-16  6.795e-03  6.782e-03  1.036e-01  5.724e-06  5.481e-06  5.601e-06  5.356e-03  1.939e-02 
 6.830e-09  1.693e+00 -1.158e-06 -2.577e-06  1.880e+00  1.345e-01  7.516e-02  1.362e-01 -2.123e-10  3.848e-10 -5.501e-17  6.843e-03  6.829e-03  1.036e-01  5.763e-06  5.519e-06  5.640e-06  5.364e-03  1.949e-02 
 6.850e-09  1.698e+00 -1.167e-06 -2.595e-06  1.880e+00  1.359e-01 -1.121e+00  9.304e-03  3.167e-09  2.628e-11  1.149e-14  6.890e-03  6.877e-03  1.036e-01  5.802e-06  5.558e-06  5.679e-06  5.373e-03  1.959e-02 
 6.870e-09  1.703e+00 -1.176e-06 -2.614e-06  1.880e+00  1.341e-01  1.767e-01  3.177e-01 -4.992e-10  8.974e-10 -1.436e-16  6.938e-03  6.925e-03  1.036e-01  5.842e-06  5.596e-06  5.717e-06  5.381e-03  1.969e-02 
 6.890e-09  1.708e+00 -1.186e-06 -2.632e-06  1.880e+00  1.340e-01  2.858e-01  3.891e-01 -8.073e-10  1.099e-09 -8.843e-16  6.986e-03  6.972e-03  1.037e-01  5.881e-06  5.634e-06  5.756e-06  5.390e-03  1.979e-02 
 6.910e-09  1.713e+00 -1.195e-06 -2.651e-06  1.880e+00  1.339e-01  1.764e-01  4.899e-01 -4.983e-10  1.384e-09  7.596e-16  7.034e-03  7.020e-03  1.037e-01  5.920e-06  5.671e-06  5.794e-06  5.398e-03  1.989e-02 
 6.930e-09  1.718e+00 -1.204e-06 -2.669e-06  1.880e+00  1.370e-01  2.617e-01 -2.791e-02 -7.392e-10 -7.882e-11 -2.820e-15  7.082e-03  7.068e-03  1.037e-01  5.959e-06  5.709e-06  5.833e-06  5.407e-03  1.999e-02 
 6.950e-09  1.723e+00 -1.213e-06 -2.688e-06  1.880e+00  1.457e-01  9.346e-01  1.093e+00 -2.640e-09  3.086e-09 -3.839e-15  7.130e-03  7.117e-03  1.037e-01  5.998e-06  5.747e-06  5.871e-06  5.415e-03  2.009e-02 
 6.970e-09  1.728e+00 -1.223e-06 -2.707e-06  1.880e+00  1.359e-01  6.168e-02  7.540e-01 -1.742e-10  2.130e-09  3.312e-15  7.178e-03  7.165e-03  1.037e-01  6.036e-06  5.785e-06  5.909e-06  5.423e-03  2.019e-02 
 6.990e-09  1.733e+00 -1.232e-06 -2.725e-06  1.880e+00  1.445e-01  1.625e-01 -5.401e-01 -4.591e-10 -1.526e-09 -4.485e-15  7.227e-03  7.213e-03  1.037e-01  6.075e-06  5.822e-06  5.947e-06  5.432e-03  2.029e-02 
 7.010e-09  1.738e+00 -1.241e-06 -2.744e-06  1.880e+00  1.307e-01  1.062e-01  3.281e-01 -2.999e-10  9.267e-10  6.302e-16  7.275e-03  7.261e-03  1.037e-01  6.114e-06  5.860e-06  5.985e-06  5.440e-03  2.039e-02 
 7.030e-09  1.743e+00 -1.251e-06 -2.763e-06  1.880e+00  1.304e-01  8.139e-02  2.938e-01 -2.299e-10  8.299e-10  7.057e-16  7.323e-03  7.310e-03  1.037e-01  6.152e-06  5.897e-06  6.023e-06  5.449e-03  2.049e-02 
 7.050e-09  1.749e+00 -1.260e-06 -2.781e-06  1.880e+00  1.299e-01  2.839e-02  3.585e-01 -8.019e-11  1.012e-09  1.586e-15  7.372e-03  7.358e-03  1.037e-01  6.191e-06  5.934e-06  6.061e-06  5.457e-03  2.059e-02 
 7.070e-09  1.754e+00 -1.269e-06 -2.800e-06  1.880e+00  1.298e-01  1.048e-01  4.770e-01 -2.959e-10  1.347e-09  1.425e-15  7.421e-03  7.407e-03  1.037e-01  6.229e-06  5.971e-06  6.099e-06  5.465e-03  2.069e-02 
 7.090e-09  1.759e+00 -1.279e-06 -2.818e-06  1.880e+00  1.473e-01 -7.123e-02  1.239e+00  2.012e-10  3.500e-09  7.224e-15  7.469e-03  7.456e-03  1.037e-01  6.267e-06  6.009e-06  6.136e-06  5.473e-03  2.079e-02 
 7.110e-09  1.764e+00 -1.288e-06 -2.837e-06  1.880e+00  1.281e-01  1.398e-01  4.805e-01 -3.950e-10  1.357e-09  1.085e-15  7.518e-03  7.504e-03  1.037e-01  6.306e-06  6.046e-06  6.174e-06  5.482e-03  2.089e-02 
 7.130e-09  1.769e+00 -1.297e-06 -2.856e-06  1.880e+00  1.279e-01  1.956e-02  4.744e-01 -5.526e-11  1.340e-09  2.287e-15  7.567e-03  7.553e-03  1.037e-01  6.344e-06  6.083e-06  6.212e-06  5.490e-03  2.099e-02 
 7.150e-09  1.774e+00 -1.307e-06 -2.874e-06  1.880e+00  1.272e-01  6.489e-04  3.502e-01 -1.833e-12  9.891e-10  1.830e-15  7.616e-03  7.602e-03  1.037e-01  6.382e-06  6.119e-06  6.249e-06  5.498e-03  2.109e-02 
 7.170e-09  1.779e+00 -1.316e-06 -2.893e-06  1.880e+00  1.265e-01  3.834e-02  3.204e-01 -1.083e-10  9.051e-10  1.286e-15  7.665e-03  7.651e-03  1.037e-01  6.420e-06  6.156e-06  6.286e-06  5.506e-03  2.119e-02 
 7.190e-09  1.784e+00 -1.325e-06 -2.912e-06  1.880e+00  1.273e-01  2.093e+00  3.165e-01 -5.911e-09  8.939e-10 -1.981e-14  7.714e-03  7.700e-03  1.037e-01  6.457e-06  6.193e-06  6.324e-06  5.514e-03  2.129e-02 
 7.210e-09  1.789e+00 -1.335e-06 -2.930e-06  1.880e+00  1.256e-01  1.485e-01  2.890e-01 -4.195e-10  8.162e-10 -4.314e-18  7.764e-03  7.750e-03  1.037e-01  6.495e-06  6.230e-06  6.361e-06  5.522e-03  2.140e-02 
 7.230e-09  1.794e+00 -1.344e-06 -2.949e-06  1.880e+00  1.372e-01  1.638e-01  5.865e-01 -4.626e-10  1.657e-09  1.404e-15  7.813e-03  7.799e-03  1.037e-01  6.533e-06  6.266e-06  6.398e-06  5.530e-03  2.150e-02 
 7.250e-09  1.799e+00 -1.353e-06 -2.968e-06  1.880e+00  1.261e-01  1.006e-01  2.073e-01 -2.843e-10  5.856e-10  5.748e-17  7.862e-03  7.848e-03  1.037e-01  6.571e-06  6.303e-06  6.435e-06  5.538e-03  2.160e-02 
 7.270e-09  1.804e+00 -1.363e-06 -2.987e-06  1.880e+00  1.266e-01  1.324e-01  2.644e-01 -3.741e-10  7.467e-10  3.100e-17  7.912e-03  7.898e-03  1.037e-01  6.608e-06  6.339e-06  6.472e-06  5.546e-03  2.170e-02 
 7.290e-09  1.809e+00 -1.372e-06 -3.005e-06  1.880e+00  1.376e-01 -3.252e-01  7.671e-02  9.186e-10  2.167e-10  3.744e-15  7.961e-03  7.947e-03  1.037e-01  6.646e-06  6.375e-06  6.509e-06  5.554e-03  2.180e-02 
 7.310e-09  1.815e+00 -1.382e-06 -3.024e-06  1.880e+00  1.336e-01  3.202e+00  1.242e+00 -9.044e-09  3.509e-09 -2.634e-14  8.011e-03  7.997e-03  1.037e-01  6.683e-06  6.412e-06  6.546e-06  5.562e-03  2.190e-02 
 7.330e-09  1.820e+00 -1.391e-06 -3.043e-06  1.880e+00  1.322e-01  5.167e-01 -4.177e-01 -1.460e-09 -1.180e-09 -7.516e-15  8.061e-03  8.047e-03  1.037e-01  6.720e-06  6.448e-06  6.582e-06  5.570e-03  2.200e-02 
 7.350e-09  1.825e+00 -1.400e-06 -3.061e-06  1.880e+00  1.252e-01  2.044e-01  1.855e-01 -5.773e-10  5.238e-10 -1.121e-15  8.110e-03  8.096e-03  1.037e-01  6.757e-06  6.484e-06  6.619e-06  5.578e-03  2.210e-02 
 7.370e-09  1.830e+00 -1.410e-06 -3.080e-06  1.880e+00  1.368e-01  3.874e-01  4.055e-01 -1.094e-09  1.145e-09 -1.838e-15  8.160e-03  8.146e-03  1.038e-01  6.795e-06  6.520e-06  6.656e-06  5.585e-03  2.220e-02 
 7.390e-09  1.835e+00 -1.419e-06 -3.099e-06  1.880e+00  1.252e-01  2.601e-01  2.251e-01 -7.347e-10  6.357e-10 -1.482e-15  8.210e-03  8.196e-03  1.038e-01  6.832e-06  6.556e-06  6.692e-06  5.593e-03  2.230e-02 
 7.410e-09  1.840e+00 -1.429e-06 -3.118e-06  1.880e+00  1.241e-01  2.036e+00  1.207e-01 -5.751e-09  3.409e-10 -2.028e-14  8.260e-03  8.246e-03  1.038e-01  6.869e-06  6.592e-06  6.728e-06  5.601e-03  2.241e-02 
 7.430e-09  1.845e+00 -1.438e-06 -3.136e-06  1.880e+00  1.247e-01  2.153e+00  1.021e-01 -6.082e-09  2.883e-10 -2.158e-14  8.310e-03  8.296e-03  1.038e-01  6.905e-06  6.627e-06  6.765e-06  5.609e-03  2.251e-02 
 7.450e-09  1.850e+00 -1.447e-06 -3.155e-06  1.880e+00  1.240e-01  2.090e+00 -3.791e-02 -5.902e-09 -1.071e-10 -2.168e-14  8.361e-03  8.346e-03  1.038e-01  6.942e-06  6.663e-06  6.801e-06  5.617e-03  2.261e-02 
 7.470e-09  1.855e+00 -1.457e-06 -3.174e-06  1.880e+00  1.279e-01  2.153e+00  3.201e+00 -6.082e-09  9.042e-09 -5.059e-15  8.411e-03  8.397e-03  1.038e-01  6.979e-06  6.699e-06  6.837e-06  5.624e-03  2.271e-02 
 7.490e-09  1.860e+00 -1.466e-06 -3.192e-06  1.880e+00  1.226e-01  4.220e-01  1.261e-01 -1.192e-09  3.562e-10 -3.665e-15  8.461e-03  8.447e-03  1.038e-01  7.015e-06  6.734e-06  6.873e-06  5.632e-03  2.281e-02 
 7.510e-09  1.865e+00 -1.476e-06 -3.211e-06  1.880e+00  1.226e-01  2.501e-01 -7.555e-02 -7.063e-10 -2.134e-10 -2.974e-15  8.512e-03  8.497e-03  1.038e-01  7.052e-06  6.769e-06  6.909e-06  5.640e-03  2.291e-02 
 7.530e-09  1.870e+00 -1.485e-06 -3.230e-06  1.880e+00  1.332e-01 -6.638e-01  3.452e-01  1.875e-09  9.750e-10  8.668e-15  8.562e-03  8.548e-03  1.038e-01  7.088e-06  6.805e-06  6.945e-06  5.647e-03  2.301e-02 
 7.550e-09  1.875e+00 -1.495e-06 -3.249e-06  1.880e+00  1.215e-01  2.519e-01  9.228e-02 -7.116e-10  2.607e-10 -2.099e-15  8.613e-03  8.598e-03  1.038e-01  7.125e-06  6.840e-06  6.981e-06  5.655e-03  2.312e-02 
 7.570e-09  1.881e+00 -1.504e-06 -3.267e-06  1.880e+00  1.327e-01 -5.030e-01  1.908e-01  1.421e-09  5.389e-10  6.192e-15  8.663e-03  8.649e-03  1.038e-01  7.161e-06  6.875e-06  7.017e-06  5.662e-03  2.322e-02 
 7.590e-09  1.886e+00 -1.514e-06 -3.286e-06  1.880e+00  1.220e-01  2.071e-01  2.304e-02 -5.850e-10  6.507e-11 -2.007e-15  8.714e-03  8.699e-03  1.038e-01  7.197e-06  6.910e-06  7.052e-06  5.670e-03  2.332e-02 
 7.610e-09  1.891e+00 -1.523e-06 -3.305e-06  1.880e+00  1.313e-01 -9.504e-01  2.711e-01  2.684e-09  7.656e-10  1.122e-14  8.765e-03  8.750e-03  1.038e-01  7.233e-06  6.945e-06  7.088e-06  5.677e-03  2.342e-02 
 7.630e-09  1.896e+00 -1.533e-06 -3.324e-06  1.880e+00  1.212e-01  7.357e-02  5.462e-03 -2.078e-10  1.543e-11 -7.279e-16  8.816e-03  8.801e-03  1.038e-01  7.270e-06  6.980e-06  7.123e-06  5.685e-03  2.352e-02 
 7.650e-09  1.901e+00 -1.542e-06 -3.342e-06  1.880e+00  1.205e-01  3.588e-01  6.023e-02 -1.014e-09  1.701e-10 -3.372e-15  8.867e-03  8.852e-03  1.038e-01  7.306e-06  7.015e-06  7.159e-06  5.692e-03  2.363e-02 
 7.670e-09  1.906e+00 -1.552e-06 -3.361e-06  1.880e+00  1.365e-01 -1.829e-01  2.111e-01  5.167e-10  5.962e-10  3.011e-15  8.918e-03  8.903e-03  1.038e-01  7.341e-06  7.050e-06  7.194e-06  5.700e-03  2.373e-02 
 7.690e-09  1.911e+00 -1.561e-06 -3.380e-06  1.880e+00  1.200e-01  9.612e-02 -4.999e-03 -2.715e-10 -1.412e-11 -1.016e-15  8.969e-03  8.954e-03  1.038e-01  7.377e-06  7.085e-06  7.229e-06  5.707e-03  2.383e-02 
 7.710e-09  1.916e+00 -1.571e-06 -3.399e-06  1.880e+00  1.302e-01 -7.137e-01 -1.351e-01  2.016e-09 -3.817e-10  6.627e-15  9.020e-03  9.005e-03  1.038e-01  7.413e-06  7.119e-06  7.265e-06  5.715e-03  2.393e-02 
 7.730e-09  1.921e+00 -1.581e-06 -3.417e-06  1.880e+00  1.277e-01  3.249e-01  1.055e+00 -9.177e-10  2.979e-09  2.289e-15  9.071e-03  9.056e-03  1.038e-01  7.449e-06  7.154e-06  7.300e-06  5.722e-03  2.403e-02 
 7.750e-09  1.926e+00 -1.590e-06 -3.436e-06  1.880e+00  1.283e-01  1.603e+00  4.508e-01 -4.527e-09  1.273e-09 -1.410e-14  9.122e-03  9.107e-03  1.038e-01  7.484e-06  7.189e-06  7.335e-06  5.730e-03  2.414e-02 
 7.770e-09  1.931e+00 -1.600e-06 -3.455e-06  1.880e+00  1.344e-01 -1.597e-01  5.111e-01  4.510e-10  1.444e-09  4.377e-15  9.174e-03  9.159e-03  1.038e-01  7.520e-06  7.223e-06  7.370e-06  5.737e-03  2.424e-02 
 7.790e-09  1.936e+00 -1.609e-06 -3.474e-06  1.880e+00  1.181e-01  1.797e+00 -3.281e-02 -5.075e-09 -9.267e-11 -1.868e-14  9.225e-03  9.210e-03  1.038e-01  7.555e-06  7.257e-06  7.405e-06  5.744e-03  2.434e-02 
 7.810e-09  1.941e+00 -1.619e-06 -3.492e-06  1.880e+00  1.160e-01  1.873e+00  1.684e+00 -5.291e-09  4.757e-09 -1.028e-14  9.276e-03  9.262e-03  1.038e-01  7.591e-06  7.292e-06  7.440e-06  5.752e-03  2.444e-02 
 7.830e-09  1.947e+00 -1.628e-06 -3.511e-06  1.880e+00  1.158e-01  1.865e+00  1.663e+00 -5.268e-09  4.696e-09 -1.031e-14  9.328e-03  9.313e-03  1.039e-01  7.626e-06  7.326e-06  7.474e-06  5.759e-03  2.454e-02 
 7.850e-09  1.952e+00 -1.638e-06 -3.530e-06  1.880e+00  1.248e-01  1.679e+00  2.432e+00 -4.742e-09  6.868e-09 -4.264e-15  9.380e-03  9.365e-03  1.039e-01  7.661e-06  7.360e-06  7.509e-06  5.766e-03  2.465e-02 
 7.870e-09  1.957e+00 -1.647e-06 -3.549e-06  1.880e+00  1.144e-01  1.838e+00  1.739e+00 -5.192e-09  4.913e-09 -9.640e-15  9.431e-03  9.416e-03  1.039e-01  7.697e-06  7.394e-06  7.544e-06  5.773e-03  2.475e-02 
 7.890e-09  1.962e+00 -1.657e-06 -3.568e-06  1.880e+00  1.145e-01  1.792e+00  1.689e+00 -5.061e-09  4.771e-09 -9.435e-15  9.483e-03  9.468e-03  1.039e-01  7.732e-06  7.428e-06  7.578e-06  5.780e-03  2.485e-02 
 7.910e-09  1.967e+00 -1.667e-06 -3.586e-06  1.880e+00  1.210e-01  2.032e+00  3.641e+00 -5.739e-09  1.028e-08 -1.363e-15  9.535e-03  9.520e-03  1.039e-01  7.767e-06  7.462e-06  7.613e-06  5.787e-03  2.495e-02 
 7.930e-09  1.972e+00 -1.676e-06 -3.605e-06  1.880e+00  1.116e-01  1.824e+00  1.588e+00 -5.153e-09  4.486e-09 -1.032e-14  9.587e-03  9.572e-03  1.039e-01  7.802e-06  7.496e-06  7.647e-06  5.795e-03  2.506e-02 
 7.950e-09  1.977e+00 -1.686e-06 -3.624e-06  1.880e+00  1.123e-01  1.854e+00  1.634e+00 -5.237e-09  4.615e-09 -1.039e-14  9.639e-03  9.624e-03  1.039e-01  7.837e-06  7.530e-06  7.682e-06  5.802e-03  2.516e-02 
 7.970e-09  1.982e+00 -1.696e-06 -3.643e-06  1.880e+00  1.207e-01  1.957e+00  1.582e+00 -5.527e-09  4.467e-09 -1.173e-14  9.691e-03  9.676e-03  1.039e-01  7.871e-06  7.564e-06  7.716e-06  5.809e-03  2.526e-02 
 7.990e-09  1.987e+00 -1.705e-06 -3.662e-06  1.880e+00  1.115e-01  1.836e+00  1.529e+00 -5.187e-09  4.318e-09 -1.077e-14  9.743e-03  9.728e-03  1.039e-01  7.906e-06  7.597e-06  7.750e-06  5.816e-03  2.536e-02 
                                                                                                                                                                                              
